ABE|G4|199|4.8579|-4.2938|0.0101|11.9026|-7.0447|1
ABE|OH|110|13.1284|1.6759|0.0091|11.9026|1.2258|2
ABE|9E|91|20.6667|14.0889|0.011|11.9026|8.7641|3
ABE|OO|36|25.2|15.4|0.0278|11.9026|13.2974|4
ABI|MQ|165|4.1879|0.5333|0.0|4.1879|0.0|1
ABQ|NK|50|-0.3542|-4.2083|0.04|10.5814|-10.9356|1
ABQ|UA|147|-0.0205|-6.7708|0.0136|10.5814|-10.6019|2
ABQ|DL|147|3.2313|-3.4014|0.0|10.5814|-7.3501|3
ABQ|MQ|97|3.8404|0.7234|0.0309|10.5814|-6.741|4
ABQ|OO|386|4.9534|0.8601|0.0|10.5814|-5.628|5
ABQ|WN|1184|11.62|5.6167|0.0042|10.5814|1.0386|6
ABQ|AS|46|21.7174|14.1304|0.0|10.5814|11.136|7
ABQ|AA|294|23.2062|20.9343|0.0102|10.5814|12.6248|8
ABQ|B6|21|36.7143|31.8571|0.0|10.5814|26.1329|9
ABR|OO|63|30.7143|21.3492|0.0|30.7143|0.0|1
ABY|9E|6|-1.6667|-3.1667|0.0|13.7067|-15.3734|1
ABY|OO|70|15.0435|13.0882|0.0143|13.7067|1.3368|2
ACK|OO|4|-1.0|-18.75|0.0|9.0314|-10.0314|1
ACK|YX|63|2.678|0.8136|0.0635|9.0314|-6.3534|2
ACK|B6|96|13.2021|9.7553|0.0208|9.0314|4.1707|3
ACK|MQ|2|20.5|59.5|0.0|9.0314|11.4686|4
ACT|OO|87|7.2738|8.0833|0.0345|7.6195|-0.3457|1
ACT|MQ|29|8.6207|8.931|0.0|7.6195|1.0012|2
ACV|OO|161|42.8687|42.6187|0.0062|42.8687|0.0|1
ACY|NK|311|11.6118|4.5695|0.0225|11.6118|0.0|1
ADK|AS|9|-0.2222|-2.6667|0.0|-0.2222|0.0|1
ADQ|AS|68|2.8676|1.6618|0.0|2.8676|0.0|1
AEX|MQ|2|-3.5|1.5|0.0|14.4854|-17.9854|1
AEX|9E|93|2.9333|-3.9333|0.0323|14.4854|-11.5521|2
AEX|OO|116|23.9211|17.3246|0.0172|14.4854|9.4357|3
AGS|AA|3|-2.0|-6.6667|0.0|23.1457|-25.1457|1
AGS|DL|20|4.6|-2.75|0.0|23.1457|-18.5457|2
AGS|YX|3|15.3333|-4.0|0.0|23.1457|-7.8124|3
AGS|9E|141|17.2246|11.6957|0.0213|23.1457|-5.9211|4
AGS|MQ|16|21.75|12.375|0.0|23.1457|-1.3957|5
AGS|OO|50|28.24|21.5|0.0|23.1457|5.0943|6
AGS|OH|176|29.1714|27.0914|0.0057|23.1457|6.0257|7
AKN|AS|15|0.2|3.5333|0.0|0.2|0.0|1
ALB|MQ|22|-3.8636|-11.3182|0.0|12.3386|-16.2022|1
ALB|YX|30|-2.0|-5.7857|0.0667|12.3386|-14.3386|2
ALB|UA|83|1.3415|-3.561|0.012|12.3386|-10.9971|3
ALB|OO|82|4.2561|-3.2317|0.0|12.3386|-8.0825|4
ALB|WN|368|9.5397|1.6236|0.0082|12.3386|-2.7989|5
ALB|DL|136|10.6992|-0.1128|0.0221|12.3386|-1.6394|6
ALB|G4|55|11.4727|3.5636|0.0|12.3386|-0.8659|7
ALB|9E|103|16.4272|-1.8235|0.0|12.3386|4.0886|8
ALB|AA|151|17.702|12.5034|0.0|12.3386|5.3634|9
ALB|B6|82|24.3415|19.6707|0.0|12.3386|12.0029|10
ALB|OH|109|25.619|20.8857|0.0367|12.3386|13.2804|11
ALW|OO|50|5.12|7.22|0.0|5.12|0.0|1
AMA|WN|188|3.3333|-3.2865|0.0106|8.9684|-5.6351|1
AMA|MQ|210|10.0386|7.3285|0.0143|8.9684|1.0702|2
AMA|OO|95|11.5054|8.4516|0.0211|8.9684|2.537|3
AMA|AA|20|38.5|37.7|0.0|8.9684|29.5316|4
ANC|AS|1412|3.2232|0.4711|0.0163|4.8319|-1.6087|1
ANC|DL|242|9.4667|1.3403|0.0124|4.8319|4.6348|2
ANC|UA|117|11.0|0.5043|0.0|4.8319|6.1681|3
ANC|AA|56|11.9821|0.9464|0.0|4.8319|7.1502|4
APN|OO|63|12.7097|6.9194|0.0159|12.7097|0.0|1
ASE|OO|798|26.3329|20.7685|0.0401|26.3329|0.0|1
ATL|YX|137|6.3407|2.5778|0.0146|11.203|-4.8623|1
ATL|9E|2705|8.2011|4.3868|0.0078|11.203|-3.0019|2
ATL|DL|22264|9.2501|5.2986|0.0037|11.203|-1.9529|3
ATL|AS|159|10.2611|4.6323|0.0189|11.203|-0.9419|4
ATL|WN|3307|12.558|6.4577|0.0027|11.203|1.355|5
ATL|OH|244|13.4304|8.5551|0.0328|11.203|2.2274|6
ATL|MQ|73|13.7143|9.3571|0.0411|11.203|2.5113|7
ATL|UA|741|15.2797|9.5198|0.0108|11.203|4.0767|8
ATL|AA|751|18.4625|14.8964|0.0067|11.203|7.2595|9
ATL|NK|996|20.4281|13.3084|0.0151|11.203|9.2251|10
ATL|OO|852|22.2054|19.2021|0.0059|11.203|11.0024|11
ATL|F9|1186|24.233|20.069|0.0219|11.203|13.03|12
ATL|B6|317|27.5256|20.2468|0.0158|11.203|16.3226|13
ATW|G4|126|2.0645|-4.8862|0.0159|15.7464|-13.6819|1
ATW|MQ|71|14.5775|6.1831|0.0|15.7464|-1.1689|2
ATW|DL|28|18.7037|9.7407|0.0357|15.7464|2.9573|3
ATW|OO|382|19.8921|16.5737|0.0052|15.7464|4.1457|4
ATW|9E|17|23.0588|15.125|0.0|15.7464|7.3124|5
AUS|YX|19|-2.9474|-6.3158|0.0|13.6649|-16.6123|1
AUS|DL|1097|11.2363|3.8651|0.0046|13.6649|-2.4286|2
AUS|UA|974|11.4197|6.0487|0.0092|13.6649|-2.2452|3
AUS|WN|3810|11.8071|5.8519|0.0042|13.6649|-1.8578|4
AUS|MQ|223|12.0318|10.4364|0.0135|13.6649|-1.6331|5
AUS|AS|271|12.0654|8.5891|0.0443|13.6649|-1.5995|6
AUS|HA|19|13.1053|14.5789|0.0|13.6649|-0.5596|7
AUS|F9|67|16.0781|12.375|0.0448|13.6649|2.4132|8
AUS|AA|1376|17.4747|13.4849|0.0109|13.6649|3.8098|9
AUS|9E|45|18.0667|20.2667|0.0|13.6649|4.4018|10
AUS|OO|377|20.3112|16.1547|0.0027|13.6649|6.6463|11
AUS|NK|111|22.0|15.0185|0.027|13.6649|8.3351|12
AUS|OH|1|24.0|-1.0|0.0|13.6649|10.3351|13
AUS|G4|127|30.232|27.048|0.0157|13.6649|16.5671|14
AUS|B6|73|40.3014|32.0822|0.0|13.6649|26.6365|15
AVL|UA|23|4.7727|-2.7143|0.0435|14.3786|-9.6059|1
AVL|OH|199|6.8418|6.2857|0.0151|14.3786|-7.5368|2
AVL|9E|77|7.5526|-0.2895|0.013|14.3786|-6.826|3
AVL|OO|57|10.5536|7.0|0.0175|14.3786|-3.825|4
AVL|YX|128|13.2857|10.168|0.0156|14.3786|-1.0929|5
AVL|DL|222|13.4266|5.2752|0.018|14.3786|-0.952|6
AVL|G4|326|18.3683|14.8397|0.0337|14.3786|3.9897|7
AVL|AA|38|22.7143|18.5714|0.0789|14.3786|8.3357|8
AVL|MQ|109|24.6952|22.4369|0.0459|14.3786|10.3166|9
AVL|B6|8|31.25|28.25|0.0|14.3786|16.8714|10
AVP|OH|26|6.5769|-8.1538|0.0|25.5305|-18.9536|1
AVP|AA|84|18.3333|11.619|0.0|25.5305|-7.1972|2
AVP|MQ|51|37.3061|32.0408|0.0392|25.5305|11.7756|3
AVP|OO|5|129.6|108.0|0.0|25.5305|104.0695|4
AZA|G4|571|8.8025|3.5542|0.0105|8.8025|0.0|1
AZO|OO|93|6.4839|0.4624|0.0|6.4839|0.0|1
BDL|YX|47|-0.1489|-6.234|0.0|12.2171|-12.366|1
BDL|UA|222|2.5616|-1.9954|0.018|12.2171|-9.6555|2
BDL|MQ|50|5.2245|1.6735|0.02|12.2171|-6.9926|3
BDL|NK|66|5.5156|2.6032|0.0455|12.2171|-6.7015|4
BDL|DL|388|7.6736|-0.4793|0.0052|12.2171|-4.5435|5
BDL|WN|411|7.9659|0.4439|0.0024|12.2171|-4.2512|6
BDL|9E|41|9.8293|2.5366|0.0|12.2171|-2.3878|7
BDL|OH|132|16.7557|11.6031|0.0076|12.2171|4.5386|8
BDL|AA|397|17.7091|11.0911|0.0302|12.2171|5.492|9
BDL|B6|334|20.3897|13.9061|0.009|12.2171|8.1726|10
BDL|F9|104|27.798|23.3636|0.0481|12.2171|15.5809|11
BDL|OO|3|47.3333|45.3333|0.0|12.2171|35.1162|12
BET|AS|77|9.3158|13.3947|0.013|9.3158|0.0|1
BFF|OO|54|1.9815|0.9815|0.0|1.9815|0.0|1
BFL|MQ|36|0.7778|-4.7778|0.0|3.6367|-2.8589|1
BFL|AA|106|1.2212|-3.7282|0.0189|3.6367|-2.4155|2
BFL|OO|151|6.0134|0.2313|0.0132|3.6367|2.3767|3
BGM|9E|33|7.2424|7.3939|0.0|7.2424|0.0|1
BGR|9E|111|-1.7982|-11.0833|0.018|11.5061|-13.3043|1
BGR|OO|14|0.8571|-1.8571|0.0|11.5061|-10.649|2
BGR|G4|53|7.0192|-5.7115|0.0189|11.5061|-4.4869|3
BGR|MQ|24|10.75|11.0417|0.0|11.5061|-0.7561|4
BGR|AA|66|14.7143|12.2903|0.0455|11.5061|3.2082|5
BGR|OH|73|17.3699|7.6|0.0|11.5061|5.8638|6
BGR|YX|79|28.0|21.3108|0.0633|11.5061|16.4939|7
BHM|UA|2|-10.0|-14.0|0.0|13.5676|-23.5676|1
BHM|YX|31|2.9032|2.3548|0.0|13.5676|-10.6644|2
BHM|NK|6|8.3333|13.1667|0.0|13.5676|-5.2343|3
BHM|DL|264|8.4091|1.1787|0.0038|13.5676|-5.1585|4
BHM|MQ|255|8.7075|5.332|0.0078|13.5676|-4.8601|5
BHM|9E|96|8.8191|3.9255|0.0208|13.5676|-4.7485|6
BHM|WN|446|11.5473|6.3311|0.0045|13.5676|-2.0203|7
BHM|OO|152|12.3667|6.8867|0.0132|13.5676|-1.2009|8
BHM|OH|434|20.8014|18.2389|0.0138|13.5676|7.2338|9
BHM|AA|45|46.0227|43.186|0.0222|13.5676|32.4551|10
BIH|OO|26|24.3846|9.48|0.0|24.3846|0.0|1
BIL|MQ|87|0.6667|-3.1494|0.0|8.5093|-7.8426|1
BIL|UA|78|1.6104|-0.0519|0.0128|8.5093|-6.8989|2
BIL|OO|153|5.1046|2.0392|0.0|8.5093|-3.4047|3
BIL|DL|73|20.1918|15.726|0.0|8.5093|11.6825|4
BIL|G4|40|30.55|26.925|0.0|8.5093|22.0407|5
BIS|9E|1|-5.0|-7.0|0.0|15.8579|-20.8579|1
BIS|G4|55|0.8704|-10.0556|0.0182|15.8579|-14.9875|2
BIS|MQ|56|8.0545|3.7091|0.0179|15.8579|-7.8034|3
BIS|DL|49|15.4082|5.449|0.0|15.8579|-0.4497|4
BIS|OO|202|22.265|15.4925|0.0099|15.8579|6.4071|5
BJI|OO|69|9.25|3.4412|0.0145|9.25|0.0|1
BLI|G4|112|-1.8182|-3.8545|0.0179|4.0554|-5.8736|1
BLI|OO|103|7.9417|10.9612|0.0|4.0554|3.8863|2
BLI|WN|58|8.2931|3.7586|0.0|4.0554|4.2377|3
BLV|G4|106|20.0792|13.901|0.0472|20.0792|0.0|1
BMI|F9|5|-9.2|-9.0|0.0|17.5337|-26.7337|1
BMI|9E|92|5.0652|-5.7391|0.0|17.5337|-12.4685|2
BMI|MQ|73|27.5493|21.4143|0.0274|17.5337|10.0156|3
BMI|G4|25|40.32|37.4|0.0|17.5337|22.7863|4
BNA|YX|565|2.3036|-0.4442|0.0088|11.3499|-9.0463|1
BNA|DL|862|5.5813|-0.2834|0.0081|11.3499|-5.7686|2
BNA|AS|118|7.2222|0.1026|0.0085|11.3499|-4.1277|3
BNA|UA|624|8.945|4.5081|0.0096|11.3499|-2.4049|4
BNA|WN|5055|11.0078|3.8176|0.0047|11.3499|-0.3421|5
BNA|MQ|243|11.4118|8.4444|0.0247|11.3499|0.0619|6
BNA|OH|235|12.4739|9.8865|0.0213|11.3499|1.124|7
BNA|OO|386|13.4869|9.8976|0.0104|11.3499|2.137|8
BNA|F9|80|14.875|15.375|0.0|11.3499|3.5251|9
BNA|NK|401|17.1633|9.6701|0.0224|11.3499|5.8134|10
BNA|AA|819|17.2488|15.1066|0.0134|11.3499|5.8989|11
BNA|G4|272|19.3792|12.4366|0.011|11.3499|8.0293|12
BNA|9E|120|23.5913|19.9478|0.0417|11.3499|12.2414|13
BNA|B6|139|23.9778|17.1481|0.0288|11.3499|12.6279|14
BOI|AS|68|-2.0882|-1.0294|0.0|5.046|-7.1342|1
BOI|MQ|24|-0.25|-2.5|0.0|5.046|-5.296|2
BOI|OO|1113|3.9819|2.1287|0.0054|5.046|-1.0641|3
BOI|WN|477|4.4664|-2.1218|0.0021|5.046|-0.5796|4
BOI|UA|116|5.0609|1.4386|0.0086|5.046|0.0149|5
BOI|NK|55|7.3846|4.2308|0.0545|5.046|2.3386|6
BOI|DL|267|7.5245|0.8377|0.0075|5.046|2.4785|7
BOI|AA|81|9.8519|3.9136|0.0|5.046|4.8059|8
BOI|G4|33|33.9677|31.7742|0.0606|5.046|28.9217|9
BOS|9E|1|0.0|0.0|1.0|11.371|-11.371|1
BOS|YX|2572|3.758|-1.9319|0.0101|11.371|-7.613|2
BOS|HA|20|6.6|-4.15|0.0|11.371|-4.771|3
BOS|AS|261|10.1614|3.6142|0.0268|11.371|-1.2096|4
BOS|DL|2550|11.6358|1.4778|0.0071|11.371|0.2648|5
BOS|UA|1270|11.6526|4.0551|0.0094|11.371|0.2816|6
BOS|B6|4087|12.587|5.5472|0.0091|11.371|1.216|7
BOS|MQ|210|12.7524|6.5694|0.0048|11.371|1.3814|8
BOS|WN|694|14.2351|5.3498|0.0072|11.371|2.8641|9
BOS|AA|1623|14.9622|4.9259|0.0068|11.371|3.5912|10
BOS|G4|48|15.8889|5.8667|0.0625|11.371|4.5179|11
BOS|NK|686|17.9005|8.0864|0.0335|11.371|6.5295|12
BOS|F9|143|20.5|17.5652|0.028|11.371|9.129|13
BPT|OO|48|-2.9167|-11.5833|0.0|4.9848|-7.9015|1
BPT|MQ|20|26.0556|22.6667|0.1|4.9848|21.0708|2
BQK|9E|15|-5.3333|0.2|0.0|18.5875|-23.9208|1
BQK|OO|65|24.1077|27.2308|0.0|18.5875|5.5202|2
BQN|F9|50|5.3061|-3.8571|0.02|15.2955|-9.9894|1
BQN|UA|56|12.5472|-0.2115|0.0536|15.2955|-2.7483|2
BQN|B6|163|19.216|15.1667|0.0061|15.2955|3.9205|3
BRD|OO|66|37.0606|33.6667|0.0|37.0606|0.0|1
BRO|MQ|132|2.2576|-1.7955|0.0|7.3857|-5.1281|1
BRO|OO|81|16.0641|13.3205|0.037|7.3857|8.6784|2
BRW|AS|44|3.9|6.325|0.0909|3.9|0.0|1
BTM|OO|66|-11.1212|-19.9848|0.0|-11.1212|0.0|1
BTR|UA|1|-2.0|-11.0|0.0|10.7745|-12.7745|1
BTR|DL|98|1.6804|-4.8351|0.0102|10.7745|-9.0941|2
BTR|OH|167|11.5|9.0602|0.006|10.7745|0.7255|3
BTR|MQ|102|14.1111|11.1111|0.0294|10.7745|3.3366|4
BTR|9E|54|14.6226|10.4906|0.0185|10.7745|3.8481|5
BTR|OO|54|15.2222|12.9811|0.0|10.7745|4.4477|6
BTV|B6|1|-13.0|-10.0|0.0|8.4711|-21.4711|1
BTV|F9|1|-9.0|5.0|0.0|8.4711|-17.4711|2
BTV|YX|175|-3.6429|-13.9286|0.04|8.4711|-12.114|3
BTV|UA|116|5.713|6.6957|0.0086|8.4711|-2.7581|4
BTV|DL|37|6.6757|-4.1667|0.0|8.4711|-1.7954|5
BTV|AA|67|7.5075|2.3939|0.0149|8.4711|-0.9636|6
BTV|MQ|28|8.3704|9.3333|0.0357|8.4711|-0.1007|7
BTV|9E|157|8.5065|0.5195|0.0191|8.4711|0.0354|8
BTV|OH|154|18.9139|15.2119|0.0195|8.4711|10.4428|9
BTV|OO|24|47.75|41.4167|0.0|8.4711|39.2789|10
BUF|OH|93|3.8696|4.9239|0.0108|11.8121|-7.9425|1
BUF|9E|188|5.2692|-2.3352|0.0319|11.8121|-6.5429|2
BUF|YX|257|6.3537|2.0285|0.0428|11.8121|-5.4584|3
BUF|DL|189|10.5455|4.0161|0.0106|11.8121|-1.2666|4
BUF|MQ|43|10.9762|7.5952|0.0233|11.8121|-0.8359|5
BUF|WN|585|11.4705|4.0678|0.0154|11.8121|-0.3416|6
BUF|B6|361|13.7915|9.5099|0.0166|11.8121|1.9794|7
BUF|OO|91|15.1609|10.2989|0.044|11.8121|3.3488|8
BUF|AA|222|16.6063|12.6878|0.0045|11.8121|4.7942|9
BUF|UA|105|18.549|19.2673|0.0286|11.8121|6.7369|10
BUF|F9|100|22.0412|16.3854|0.03|11.8121|10.2291|11
BUR|MQ|5|-1.0|-6.4|0.0|9.0167|-10.0167|1
BUR|AS|203|1.5354|1.3622|0.0246|9.0167|-7.4813|2
BUR|F9|8|1.875|15.25|0.0|9.0167|-7.1417|3
BUR|WN|1874|6.454|-0.437|0.0091|9.0167|-2.5627|4
BUR|AA|110|8.1481|0.9906|0.0182|9.0167|-0.8686|5
BUR|OO|399|10.3543|8.4332|0.0025|9.0167|1.3376|6
BUR|NK|190|12.1685|10.7049|0.0368|9.0167|3.1518|7
BUR|UA|166|16.2121|13.7576|0.006|9.0167|7.1954|8
BUR|DL|38|17.4737|12.4474|0.0|9.0167|8.457|9
BUR|B6|25|168.4167|167.0|0.04|9.0167|159.4|10
BWI|OO|2|-5.5|-8.0|0.0|14.8699|-20.3699|1
BWI|B6|20|0.9|-3.6|0.0|14.8699|-13.9699|2
BWI|MQ|63|1.5645|-4.0|0.0159|14.8699|-13.3054|3
BWI|OH|1|2.0|-3.0|0.0|14.8699|-12.8699|4
BWI|YX|76|2.6447|-5.8421|0.0|14.8699|-12.2252|5
BWI|UA|344|5.7701|0.2925|0.0262|14.8699|-9.0998|6
BWI|DL|539|7.9388|0.528|0.0|14.8699|-6.9311|7
BWI|AS|62|12.6452|7.6613|0.0|14.8699|-2.2247|8
BWI|AA|378|13.337|6.5601|0.0265|14.8699|-1.5329|9
BWI|WN|7245|15.8238|8.5802|0.0054|14.8699|0.9539|10
BWI|NK|647|16.0815|8.6327|0.0139|14.8699|1.2116|11
BWI|F9|312|19.6645|16.9043|0.0288|14.8699|4.7946|12
BWI|9E|44|23.9762|14.8095|0.0455|14.8699|9.1063|13
BWI|G4|7|27.1429|24.4286|0.0|14.8699|12.273|14
BZN|AS|61|0.7458|1.8305|0.0328|11.3037|-10.5579|1
BZN|WN|197|6.5765|0.9796|0.0051|11.3037|-4.7272|2
BZN|DL|185|7.7127|2.7956|0.0216|11.3037|-3.591|3
BZN|OO|187|8.3957|6.3102|0.0|11.3037|-2.908|4
BZN|MQ|8|10.25|5.125|0.0|11.3037|-1.0537|5
BZN|UA|220|15.6019|10.7407|0.0182|11.3037|4.2982|6
BZN|AA|95|20.9158|17.2947|0.0|11.3037|9.6121|7
BZN|G4|46|24.6667|18.6444|0.0217|11.3037|13.363|8
BZN|B6|14|33.3571|30.6429|0.0|11.3037|22.0534|9
CAE|MQ|4|-5.25|-9.5|0.0|7.8539|-13.1039|1
CAE|DL|151|-2.06|-9.5733|0.0066|7.8539|-9.9139|2
CAE|OO|70|5.8657|6.4776|0.0429|7.8539|-1.9882|3
CAE|9E|137|7.3209|2.8731|0.0219|7.8539|-0.533|4
CAE|YX|33|7.6562|4.7188|0.0303|7.8539|-0.1977|5
CAE|OH|238|13.3207|13.5865|0.0042|7.8539|5.4668|6
CAE|AA|76|14.0|7.726|0.0263|7.8539|6.1461|7
CAK|OO|103|8.9706|8.3922|0.0097|13.1257|-4.1551|1
CAK|OH|180|11.9832|8.838|0.0056|13.1257|-1.1425|2
CAK|G4|86|20.5176|14.5294|0.0116|13.1257|7.3919|3
CDC|OO|57|5.6491|0.0|0.0|5.6491|0.0|1
CDV|AS|73|-1.1831|-3.4714|0.0274|-1.1831|0.0|1
CHA|OH|139|3.4565|1.6594|0.0072|9.3603|-5.9038|1
CHA|YX|18|5.8333|5.2778|0.0|9.3603|-3.527|2
CHA|G4|35|7.5143|4.2857|0.0|9.3603|-1.846|3
CHA|9E|150|7.5235|0.6309|0.0067|9.3603|-1.8368|4
CHA|OO|90|8.9556|9.9333|0.0|9.3603|-0.4047|5
CHA|DL|115|9.1667|0.7456|0.0087|9.3603|-0.1936|6
CHA|MQ|113|20.8468|16.0721|0.0177|9.3603|11.4865|7
CHO|YX|42|3.6579|12.2632|0.0952|12.8257|-9.1678|1
CHO|9E|176|9.3977|1.4971|0.0284|12.8257|-3.428|2
CHO|OH|7|12.1429|17.1429|0.0|12.8257|-0.6828|3
CHO|OO|64|22.9844|24.8125|0.0|12.8257|10.1587|4
CHO|DL|24|24.875|13.875|0.0|12.8257|12.0493|5
CHS|YX|228|2.7991|-1.8214|0.0175|11.1085|-8.3094|1
CHS|AS|39|5.4103|3.1282|0.0|11.1085|-5.6982|2
CHS|DL|395|5.5179|0.3197|0.0076|11.1085|-5.5906|3
CHS|UA|220|6.907|2.8791|0.0227|11.1085|-4.2015|4
CHS|9E|193|8.1376|1.6862|0.0207|11.1085|-2.9709|5
CHS|WN|344|8.4913|4.1424|0.0|11.1085|-2.6172|6
CHS|MQ|95|10.4787|4.8925|0.0105|11.1085|-0.6298|7
CHS|OH|174|11.9412|10.2471|0.023|11.1085|0.8327|8
CHS|OO|28|15.8571|11.5357|0.0|11.1085|4.7486|9
CHS|G4|20|16.1053|13.0|0.05|11.1085|4.9968|10
CHS|B6|185|16.9724|12.221|0.0216|11.1085|5.8639|11
CHS|AA|473|18.5996|15.5204|0.0127|11.1085|7.4911|12
CHS|F9|22|20.3333|13.8571|0.0455|11.1085|9.2248|13
CHS|NK|139|23.053|17.4046|0.0504|11.1085|11.9445|14
CID|9E|13|-3.7692|-12.8462|0.0|11.2742|-15.0434|1
CID|MQ|107|0.1887|-3.8113|0.0093|11.2742|-11.0855|2
CID|UA|79|0.473|-2.3649|0.0633|11.2742|-10.8012|3
CID|G4|89|1.7978|-5.1798|0.0|11.2742|-9.4764|4
CID|F9|22|1.9524|-6.0476|0.0455|11.2742|-9.3218|5
CID|OH|76|5.8933|2.9733|0.0132|11.2742|-5.3809|6
CID|YX|16|7.5333|-1.2667|0.0625|11.2742|-3.7409|7
CID|OO|202|17.0155|16.3144|0.0396|11.2742|5.7413|8
CID|AA|121|25.2562|23.1322|0.0|11.2742|13.982|9
CID|DL|36|35.25|31.1389|0.0|11.2742|23.9758|10
CIU|OO|76|24.5811|18.6486|0.0263|24.5811|0.0|1
CKB|G4|20|16.4|10.1|0.0|16.4|0.0|1
CLE|MQ|58|2.1053|-7.0351|0.0172|9.2115|-7.1062|1
CLE|YX|441|3.794|-1.3977|0.0227|9.2115|-5.4175|2
CLE|UA|820|3.8401|-2.4845|0.0159|9.2115|-5.3714|3
CLE|AS|54|5.6346|3.1538|0.037|9.2115|-3.5769|4
CLE|WN|531|6.28|-1.379|0.0113|9.2115|-2.9315|5
CLE|OO|165|6.7239|-0.4417|0.0121|9.2115|-2.4876|6
CLE|9E|256|7.9524|0.388|0.0234|9.2115|-1.2591|7
CLE|DL|323|9.6398|-0.5373|0.0031|9.2115|0.4283|8
CLE|AA|421|11.0916|6.3747|0.0166|9.2115|1.8801|9
CLE|OH|151|11.96|9.1067|0.0066|9.2115|2.7485|10
CLE|NK|108|16.6442|8.0769|0.037|9.2115|7.4327|11
CLE|F9|653|19.3947|13.3921|0.026|9.2115|10.1832|12
CLE|B6|73|22.7571|19.7|0.0411|9.2115|13.5456|13
CLL|MQ|80|4.8861|1.519|0.0125|6.7547|-1.8686|1
CLL|OO|27|12.2222|9.1111|0.0|6.7547|5.4675|2
CLT|YX|249|7.3984|2.0612|0.012|18.7797|-11.3813|1
CLT|B6|55|10.566|0.9057|0.0364|18.7797|-8.2137|2
CLT|DL|615|12.2577|4.7213|0.0033|18.7797|-6.522|3
CLT|OH|5611|12.9353|8.531|0.0096|18.7797|-5.8444|4
CLT|MQ|614|14.818|10.341|0.0065|18.7797|-3.9617|5
CLT|UA|417|16.4485|11.7157|0.0216|18.7797|-2.3312|6
CLT|WN|310|19.877|14.1623|0.0032|18.7797|1.0973|7
CLT|AA|12488|21.7138|16.9382|0.0096|18.7797|2.9341|8
CLT|9E|321|22.1369|17.6378|0.0249|18.7797|3.3572|9
CLT|NK|513|22.372|16.77|0.0253|18.7797|3.5923|10
CLT|OO|5|25.4|18.2|0.0|18.7797|6.6203|11
CLT|F9|293|31.452|33.3907|0.0444|18.7797|12.6723|12
CMH|YX|1195|0.5401|-5.4517|0.0092|8.569|-8.0289|1
CMH|AS|40|2.7436|-5.2895|0.025|8.569|-5.8254|2
CMH|DL|351|5.7835|-1.7208|0.0|8.569|-2.7855|3
CMH|9E|26|7.32|-3.52|0.0385|8.569|-1.249|4
CMH|WN|1183|8.9175|1.6613|0.0059|8.569|0.3485|5
CMH|MQ|331|9.247|3.4695|0.0091|8.569|0.678|6
CMH|UA|249|12.9676|9.3821|0.012|8.569|4.3986|7
CMH|NK|227|13.6018|3.3839|0.0044|8.569|5.0328|8
CMH|OH|138|16.3529|12.0515|0.0145|8.569|7.7839|9
CMH|AA|346|19.5116|13.9591|0.0087|8.569|10.9426|10
CMH|F9|27|20.2963|13.4074|0.0|8.569|11.7273|11
CMH|OO|118|31.9153|25.6949|0.0|8.569|23.3463|12
CMI|MQ|127|12.0794|4.4|0.0079|12.0794|0.0|1
CMX|OO|77|14.2895|12.4737|0.013|14.2895|0.0|1
CNY|OO|4|24.3333|24.0|0.25|24.3333|0.0|1
COD|OO|56|33.0714|22.6071|0.0|33.0714|0.0|1
COS|DL|53|3.9245|5.9811|0.0|8.1799|-4.2554|1
COS|OO|480|5.0816|-0.1887|0.0042|8.1799|-3.0983|2
COS|WN|487|8.9232|3.3896|0.0103|8.1799|0.7433|3
COS|AA|92|12.7111|12.7333|0.0217|8.1799|4.5312|4
COS|MQ|29|17.5172|15.4828|0.0|8.1799|9.3373|5
COS|UA|65|18.8095|12.4603|0.0308|8.1799|10.6296|6
COU|OO|9|3.3333|-5.8889|0.0|13.9778|-10.6445|1
COU|MQ|173|14.538|11.5906|0.0116|13.9778|0.5602|2
CPR|OO|165|5.439|-1.9939|0.0061|5.439|0.0|1
CRP|WN|97|6.5567|0.9485|0.0|9.6818|-3.1251|1
CRP|MQ|251|10.1457|9.0202|0.0159|9.6818|0.4639|2
CRP|OO|32|15.9667|16.7333|0.0625|9.6818|6.2849|3
CRW|9E|22|5.3182|-1.5455|0.0|18.8101|-13.4919|1
CRW|OH|135|12.5149|8.4179|0.0074|18.8101|-6.2952|2
CRW|OO|184|25.1105|20.5304|0.0163|18.8101|6.3004|3
CSG|9E|73|3.6761|-1.7042|0.0274|11.1667|-7.4906|1
CSG|OO|56|20.8364|16.3091|0.0179|11.1667|9.6697|2
CVG|OO|93|2.413|-0.1648|0.0108|10.2782|-7.8652|1
CVG|UA|202|3.1709|-1.005|0.0149|10.2782|-7.1073|2
CVG|AS|32|4.8125|-0.6875|0.0|10.2782|-5.4657|3
CVG|9E|678|6.9699|0.8401|0.0206|10.2782|-3.3083|4
CVG|YX|542|7.2237|2.5564|0.0185|10.2782|-3.0545|5
CVG|WN|193|7.8958|2.267|0.0052|10.2782|-2.3824|6
CVG|DL|716|8.5304|1.3258|0.0126|10.2782|-1.7478|7
CVG|OH|252|11.5663|9.7621|0.0119|10.2782|1.2881|8
CVG|F9|463|13.8088|11.3868|0.0173|10.2782|3.5306|9
CVG|MQ|279|14.0036|10.0255|0.0072|10.2782|3.7254|10
CVG|AA|336|17.5836|10.8049|0.0208|10.2782|7.3054|11
CVG|G4|304|18.4404|13.8027|0.0066|10.2782|8.1622|12
CWA|9E|66|7.7121|-1.5758|0.0|7.7121|0.0|1
CYS|OO|72|2.2778|-7.4028|0.0|2.2778|0.0|1
DAB|OH|92|7.5506|0.9091|0.0326|9.4679|-1.9173|1
DAB|DL|145|9.1448|3.9379|0.0|9.4679|-0.3231|2
DAB|AA|30|15.5517|12.2759|0.0333|9.4679|6.0838|3
DAB|MQ|2|30.0|28.5|0.0|9.4679|20.5321|4
DAL|AS|30|-2.4667|-9.1667|0.0|13.8629|-16.3296|1
DAL|WN|7000|13.8249|8.0281|0.0063|13.8629|-0.038|2
DAL|DL|228|17.185|10.4449|0.0044|13.8629|3.3221|3
DAY|YX|28|0.1071|-3.5|0.0|8.259|-8.1519|1
DAY|DL|135|0.8667|-9.9037|0.0|8.259|-7.3923|2
DAY|9E|52|4.3958|-7.0|0.0769|8.259|-3.8632|3
DAY|MQ|12|7.0|-2.0|0.0|8.259|-1.259|4
DAY|OH|357|9.3173|3.8632|0.0112|8.259|1.0583|5
DAY|OO|152|11.8267|4.3467|0.0132|8.259|3.5677|6
DAY|G4|24|30.7826|30.5652|0.0417|8.259|22.5236|7
DCA|F9|113|0.8661|-7.2589|0.0088|11.7714|-10.9053|1
DCA|YX|2834|3.5034|-2.188|0.0127|11.7714|-8.268|2
DCA|AS|166|6.4606|-2.6485|0.006|11.7714|-5.3108|3
DCA|DL|907|10.3496|2.1846|0.0066|11.7714|-1.4218|4
DCA|MQ|426|10.7754|4.152|0.0094|11.7714|-0.996|5
DCA|UA|628|10.9256|6.8136|0.0159|11.7714|-0.8458|6
DCA|OO|16|13.0625|5.375|0.0|11.7714|1.2911|7
DCA|WN|1571|13.2455|4.4055|0.0102|11.7714|1.4741|8
DCA|OH|3772|13.4546|8.8191|0.0196|11.7714|1.6832|9
DCA|B6|824|14.181|6.2658|0.0146|11.7714|2.4096|10
DCA|AA|2697|17.6946|10.9305|0.0111|11.7714|5.9232|11
DCA|9E|195|17.9634|11.733|0.0205|11.7714|6.192|12
DDC|OO|64|24.7188|24.5781|0.0|24.7188|0.0|1
DEC|OO|87|23.3333|18.5517|0.0|23.3333|0.0|1
DEN|AS|239|8.3191|6.0681|0.0167|13.4816|-5.1625|1
DEN|DL|1264|9.2649|0.7052|0.0055|13.4816|-4.2167|2
DEN|OO|5910|10.9814|5.5553|0.009|13.4816|-2.5002|3
DEN|G4|51|12.0|11.02|0.0196|13.4816|-1.4816|4
DEN|UA|10227|12.4589|7.5343|0.0086|13.4816|-1.0227|5
DEN|F9|2362|15.5492|10.4878|0.0127|13.4816|2.0676|6
DEN|WN|9670|15.5569|9.731|0.0051|13.4816|2.0753|7
DEN|AA|808|17.265|12.0238|0.0099|13.4816|3.7834|8
DEN|MQ|20|22.5|22.7|0.0|13.4816|9.0184|9
DEN|NK|4|31.75|24.75|0.0|13.4816|18.2684|10
DEN|B6|122|42.9|38.925|0.0164|13.4816|29.4184|11
DFW|MQ|7043|8.589|4.7057|0.0121|18.7285|-10.1395|1
DFW|OO|2436|10.2605|5.8173|0.0148|18.7285|-8.468|2
DFW|UA|847|10.552|5.9269|0.0118|18.7285|-8.1765|3
DFW|DL|1254|13.8265|6.1748|0.0024|18.7285|-4.902|4
DFW|AS|234|15.8435|15.1135|0.0171|18.7285|-2.885|5
DFW|NK|1038|18.9298|12.5838|0.0116|18.7285|0.2013|6
DFW|OH|913|19.3266|14.5289|0.0307|18.7285|0.5981|7
DFW|F9|1015|21.1483|19.9748|0.0236|18.7285|2.4198|8
DFW|AA|16397|24.9392|19.2116|0.0147|18.7285|6.2107|9
DFW|B6|28|25.5185|20.4815|0.0357|18.7285|6.79|10
DFW|YX|8|133.625|120.25|0.0|18.7285|114.8965|11
DHN|9E|48|24.8723|19.8913|0.0208|26.589|-1.7167|1
DHN|OO|26|29.6923|26.3846|0.0|26.589|3.1033|2
DIK|OO|58|14.7414|1.5517|0.0|14.7414|0.0|1
DLG|AS|12|10.8333|17.1667|0.0|10.8333|0.0|1
DLH|DL|9|-6.2222|-10.1111|0.0|14.4332|-20.6554|1
DLH|YX|61|4.6885|-0.7705|0.0|14.4332|-9.7447|2
DLH|9E|17|5.0588|2.7647|0.0|14.4332|-9.3744|3
DLH|OO|131|21.6615|13.8385|0.0076|14.4332|7.2283|4
DRO|AA|1|-7.0|-9.0|0.0|10.37|-17.37|1
DRO|MQ|3|-6.6667|-14.0|0.0|10.37|-17.0367|2
DRO|OO|299|8.2121|4.9832|0.0067|10.37|-2.1579|3
DRO|UA|74|20.2222|5.7222|0.027|10.37|9.8522|4
DSM|F9|31|-1.8667|-6.0333|0.0323|11.5324|-13.3991|1
DSM|UA|197|3.9692|2.4|0.0102|11.5324|-7.5632|2
DSM|OH|38|4.6757|-3.1892|0.0263|11.5324|-6.8567|3
DSM|MQ|97|4.8298|-0.1809|0.0309|11.5324|-6.7026|4
DSM|YX|97|7.3333|4.1562|0.0103|11.5324|-4.1991|5
DSM|9E|259|8.4358|3.0|0.0077|11.5324|-3.0966|6
DSM|WN|156|9.4936|3.4359|0.0|11.5324|-2.0388|7
DSM|DL|120|14.6471|5.5378|0.0083|11.5324|3.1147|8
DSM|G4|168|16.4146|12.5521|0.0238|11.5324|4.8822|9
DSM|OO|87|18.4167|13.5714|0.0345|11.5324|6.8843|10
DSM|AA|225|23.0227|18.1818|0.0222|11.5324|11.4903|11
DTW|9E|1298|3.5346|-1.3738|0.01|11.4914|-7.9568|1
DTW|YX|495|5.6769|1.1537|0.0121|11.4914|-5.8145|2
DTW|MQ|88|7.1034|6.1839|0.0114|11.4914|-4.388|3
DTW|UA|236|8.5745|2.1239|0.0042|11.4914|-2.9169|4
DTW|NK|1064|8.883|0.6784|0.0122|11.4914|-2.6084|5
DTW|B6|117|8.9573|4.7863|0.0|11.4914|-2.5341|6
DTW|AS|59|11.3103|3.3621|0.0169|11.4914|-0.1811|7
DTW|WN|367|12.1397|5.8901|0.0054|11.4914|0.6483|8
DTW|DL|5862|12.165|5.9285|0.0046|11.4914|0.6736|9
DTW|OH|110|13.4771|6.463|0.0182|11.4914|1.9857|10
DTW|OO|2599|14.7737|10.8028|0.005|11.4914|3.2823|11
DTW|AA|569|16.5045|10.0162|0.0211|11.4914|5.0131|12
DTW|F9|226|18.35|13.1136|0.0265|11.4914|6.8586|13
DVL|OO|71|2.8429|1.1|0.0141|2.8429|0.0|1
EAR|OO|8|77.8571|64.7143|0.125|77.8571|0.0|1
EAU|OO|7|62.3333|59.8333|0.1429|62.3333|0.0|1
ECP|YX|2|-9.0|-1.5|0.0|8.9791|-17.9791|1
ECP|OH|113|2.1327|0.8761|0.0|8.9791|-6.8464|2
ECP|DL|207|5.7059|0.4167|0.0145|8.9791|-3.2732|3
ECP|WN|300|8.3612|3.5302|0.0033|8.9791|-0.6179|4
ECP|AA|83|12.3415|9.5309|0.012|8.9791|3.3624|5
ECP|MQ|87|19.9651|15.5465|0.0115|8.9791|10.986|6
ECP|OO|27|23.2593|22.4815|0.0|8.9791|14.2802|7
ECP|9E|1|65.0|104.0|0.0|8.9791|56.0209|8
EGE|OO|208|10.9029|4.9757|0.0096|17.037|-6.1341|1
EGE|DL|22|15.9091|11.3636|0.0|17.037|-1.1279|2
EGE|AA|151|22.6107|21.1216|0.0132|17.037|5.5737|3
EGE|UA|56|25.2143|18.6964|0.0|17.037|8.1773|4
EKO|OO|44|7.75|-2.1591|0.0|7.75|0.0|1
ELM|OO|79|15.2785|10.8861|0.0|17.8692|-2.5907|1
ELM|G4|28|25.1786|16.2857|0.0|17.8692|7.3094|2
ELP|YX|1|-3.0|-1.0|0.0|10.5611|-13.5611|1
ELP|OO|219|7.0092|4.5|0.0046|10.5611|-3.5519|2
ELP|UA|35|7.1143|-2.1429|0.0|10.5611|-3.4468|3
ELP|WN|890|8.9685|3.7756|0.0022|10.5611|-1.5926|4
ELP|DL|69|10.1304|3.3913|0.0|10.5611|-0.4307|5
ELP|MQ|167|10.5181|9.3394|0.006|10.5611|-0.043|6
ELP|G4|9|12.5|12.0|0.1111|10.5611|1.9389|7
ELP|AA|250|16.5347|14.3306|0.02|10.5611|5.9736|8
ELP|F9|64|24.5397|18.0|0.0156|10.5611|13.9786|9
ESC|OO|74|6.5811|0.0946|0.0|6.5811|0.0|1
EUG|AS|26|4.5769|7.6538|0.0|11.8945|-7.3176|1
EUG|WN|158|6.9481|-1.6039|0.0253|11.8945|-4.9464|2
EUG|AA|81|7.85|1.481|0.0123|11.8945|-4.0445|3
EUG|OO|280|8.0331|2.7243|0.0286|11.8945|-3.8614|4
EUG|UA|140|22.9209|17.8705|0.0071|11.8945|11.0264|5
EUG|G4|43|31.725|28.95|0.0698|11.8945|19.8305|6
EVV|OH|2|-11.5|-17.0|0.0|13.2206|-24.7206|1
EVV|DL|4|-4.25|-4.75|0.0|13.2206|-17.4706|2
EVV|9E|72|3.3889|-1.8333|0.0|13.2206|-9.8317|3
EVV|MQ|72|8.8889|7.4861|0.0|13.2206|-4.3317|4
EVV|OO|32|13.4375|7.3125|0.0|13.2206|0.2169|5
EVV|G4|22|64.6818|53.9545|0.0|13.2206|51.4612|6
EWN|OH|6|49.0|34.8333|0.0|49.0|0.0|1
EWR|YX|2327|5.0212|-3.3023|0.0301|14.3993|-9.3781|1
EWR|AS|347|12.261|4.1239|0.0202|14.3993|-2.1383|2
EWR|G4|61|14.4576|3.9661|0.0328|14.3993|0.0583|3
EWR|UA|6836|15.1384|8.1961|0.0181|14.3993|0.7391|4
EWR|NK|1069|17.3992|6.1391|0.0365|14.3993|2.9999|5
EWR|B6|554|17.6794|9.8938|0.0108|14.3993|3.2801|6
EWR|MQ|73|18.9452|13.75|0.0|14.3993|4.5459|7
EWR|AA|695|19.7471|9.5405|0.0216|14.3993|5.3478|8
EWR|DL|605|21.6656|16.1725|0.0132|14.3993|7.2663|9
EWR|F9|36|25.0|19.5556|0.0|14.3993|10.6007|10
EWR|9E|176|34.4345|29.6527|0.0455|14.3993|20.0352|11
EYW|B6|28|1.1429|-2.72|0.0|15.6667|-14.5238|1
EYW|DL|133|7.8346|4.6466|0.0|15.6667|-7.8321|2
EYW|MQ|207|8.0882|4.5616|0.0145|15.6667|-7.5785|3
EYW|YX|109|8.5648|5.0833|0.0092|15.6667|-7.1019|4
EYW|UA|69|17.3971|18.5224|0.0145|15.6667|1.7304|5
EYW|AA|181|28.7135|26.25|0.0166|15.6667|13.0468|6
EYW|9E|16|29.3125|29.875|0.0|15.6667|13.6458|7
EYW|G4|70|31.6522|30.1014|0.0143|15.6667|15.9855|8
FAI|AS|263|3.2214|-1.0115|0.0038|10.1239|-6.9025|1
FAI|UA|26|3.5|-12.2308|0.0|10.1239|-6.6239|2
FAI|DL|60|43.6949|41.4576|0.0167|10.1239|33.571|3
FAR|DL|79|0.0256|-8.1154|0.0127|10.7132|-10.6876|1
FAR|UA|10|1.3|4.8|0.0|10.7132|-9.4132|2
FAR|F9|34|2.8529|-3.3824|0.0|10.7132|-7.8603|3
FAR|G4|69|5.087|-2.5507|0.0|10.7132|-5.6262|4
FAR|9E|28|6.8214|-0.7143|0.0|10.7132|-3.8918|5
FAR|MQ|189|9.4415|3.3333|0.0106|10.7132|-1.2717|6
FAR|OO|252|18.377|15.3586|0.0|10.7132|7.6638|7
FAT|MQ|1|0.0|-10.0|0.0|10.9005|-10.9005|1
FAT|OO|639|7.0298|2.4796|0.0031|10.9005|-3.8707|2
FAT|AS|31|7.6452|8.871|0.0|10.9005|-3.2553|3
FAT|WN|138|8.7899|4.3676|0.0|10.9005|-2.1106|4
FAT|UA|37|10.1389|3.1111|0.027|10.9005|-0.7616|5
FAT|DL|14|16.3571|12.5|0.0|10.9005|5.4566|6
FAT|AA|195|18.7231|14.768|0.0|10.9005|7.8226|7
FAT|G4|52|35.8654|37.3269|0.0|10.9005|24.9649|8
FAY|DL|26|-3.92|-13.72|0.0385|6.4|-10.32|1
FAY|9E|39|-1.5385|-8.3333|0.0|6.4|-7.9385|2
FAY|OO|15|7.8|7.9333|0.0|6.4|1.4|3
FAY|OH|56|16.1607|13.4286|0.0|6.4|9.7607|4
FCA|DL|86|-2.2093|-8.8488|0.0|5.358|-7.5673|1
FCA|OO|136|1.7185|-2.8593|0.0074|5.358|-3.6395|2
FCA|AA|32|8.0625|4.7812|0.0|5.358|2.7045|3
FCA|UA|72|13.3194|7.662|0.0|5.358|7.9614|4
FCA|MQ|2|14.0|-6.0|0.0|5.358|8.642|5
FCA|G4|25|23.96|20.36|0.0|5.358|18.602|6
FLG|OO|185|9.5246|6.9945|0.0108|9.5246|0.0|1
FLL|UA|746|12.3202|6.3361|0.0161|17.0992|-4.779|1
FLL|F9|174|13.8988|11.25|0.0345|17.0992|-3.2004|2
FLL|G4|314|15.3935|11.4645|0.0127|17.0992|-1.7057|3
FLL|AS|109|16.0426|12.129|0.1376|17.0992|-1.0566|4
FLL|B6|1903|16.5657|11.2029|0.0079|17.0992|-0.5335|5
FLL|WN|1441|17.0189|11.8204|0.0097|17.0992|-0.0803|6
FLL|DL|1215|17.2298|11.3537|0.0115|17.0992|0.1306|7
FLL|NK|2577|18.7628|13.9554|0.0171|17.0992|1.6636|8
FLL|AA|671|19.2357|15.2814|0.0089|17.0992|2.1365|9
FNT|G4|149|7.4899|3.4027|0.0|8.1891|-0.6992|1
FNT|OO|90|9.3596|6.5056|0.0111|8.1891|1.1705|2
FOD|OO|50|4.3265|-0.0417|0.02|4.3265|0.0|1
FSD|YX|5|-6.8|4.2|0.0|14.3421|-21.1421|1
FSD|MQ|85|4.939|-4.1463|0.0353|14.3421|-9.4031|2
FSD|UA|70|6.6667|3.4058|0.0143|14.3421|-7.6754|3
FSD|OO|245|7.4303|1.5144|0.0041|14.3421|-6.9118|4
FSD|9E|31|10.3226|15.5806|0.0|14.3421|-4.0195|5
FSD|F9|27|11.7778|16.3333|0.0|14.3421|-2.5643|6
FSD|AA|70|23.9143|13.5072|0.0|14.3421|9.5722|7
FSD|DL|67|26.3881|21.0455|0.0|14.3421|12.046|8
FSD|G4|92|34.6742|28.236|0.0326|14.3421|20.3321|9
FSM|OO|21|1.2105|-2.6316|0.0952|15.2105|-14.0|1
FSM|MQ|116|17.5439|14.0439|0.0172|15.2105|2.3334|2
FWA|9E|19|1.8889|-11.5556|0.0526|15.7325|-13.8436|1
FWA|MQ|89|10.8539|6.0455|0.0|15.7325|-4.8786|2
FWA|OO|261|14.8842|10.7992|0.0077|15.7325|-0.8483|3
FWA|OH|23|18.087|11.1739|0.0|15.7325|2.3545|4
FWA|G4|86|26.0854|21.3659|0.0465|15.7325|10.3529|5
GCC|OO|79|-0.7975|-7.7662|0.0|-0.7975|0.0|1
GCK|OO|19|8.3158|7.5263|0.0|15.2083|-6.8925|1
GCK|MQ|53|17.6792|16.717|0.0|15.2083|2.4709|2
GEG|AS|257|2.2727|-0.8538|0.0156|6.1338|-3.8611|1
GEG|OO|626|3.778|0.7859|0.0|6.1338|-2.3558|2
GEG|WN|368|6.2554|0.3152|0.0|6.1338|0.1216|3
GEG|UA|94|6.8696|1.7609|0.0213|6.1338|0.7358|4
GEG|DL|313|9.2026|2.6399|0.0064|6.1338|3.0688|5
GEG|AA|151|13.0|5.1933|0.0066|6.1338|6.8662|6
GEG|G4|24|20.9167|19.0833|0.0|6.1338|14.7829|7
GFK|G4|19|-6.4737|-8.2105|0.0|2.5172|-8.9909|1
GFK|OO|90|3.2222|-2.9222|0.0|2.5172|0.705|2
GFK|9E|7|17.8571|5.7143|0.0|2.5172|15.3399|3
GGG|OO|46|3.2667|1.4222|0.0217|4.7424|-1.4757|1
GGG|MQ|22|7.9048|4.7619|0.0455|4.7424|3.1624|2
GJT|UA|86|4.6744|-4.2353|0.0116|13.9188|-9.2444|1
GJT|OO|257|13.5945|10.5437|0.0117|13.9188|-0.3243|2
GJT|G4|11|27.2727|33.1818|0.0|13.9188|13.3539|3
GJT|MQ|44|30.907|8.2|0.0455|13.9188|16.9882|4
GNV|MQ|56|0.9636|-3.6792|0.0179|6.1327|-5.1691|1
GNV|9E|18|2.5|-2.0556|0.0|6.1327|-3.6327|2
GNV|DL|160|4.019|-4.0949|0.0125|6.1327|-2.1137|3
GNV|OH|66|16.9841|14.5238|0.0455|6.1327|10.8514|4
GPT|9E|8|-0.875|-13.25|0.0|18.8333|-19.7083|1
GPT|OO|36|0.4857|-3.2571|0.0278|18.8333|-18.3476|2
GPT|G4|2|9.0|3.0|0.0|18.8333|-9.8333|3
GPT|DL|115|12.1696|6.4821|0.0261|18.8333|-6.6637|4
GPT|OH|137|12.3824|10.609|0.0073|18.8333|-6.4509|5
GPT|MQ|51|68.6939|62.4694|0.0392|18.8333|49.8606|6
GRB|9E|7|-7.7143|-17.0|0.0|9.099|-16.8133|1
GRB|MQ|34|0.2941|-4.7059|0.0|9.099|-8.8049|2
GRB|YX|12|5.5833|8.6667|0.0|9.099|-3.5157|3
GRB|OO|304|9.4933|4.5418|0.0132|9.099|0.3943|4
GRB|DL|32|14.5625|8.3125|0.0|9.099|5.4635|5
GRB|F9|9|27.5556|32.6667|0.0|9.099|18.4566|6
GRI|G4|20|3.6|-4.8|0.0|25.4578|-21.8578|1
GRI|OO|63|32.3968|27.2857|0.0|25.4578|6.939|2
GRK|MQ|132|4.9769|1.9231|0.0152|5.7429|-0.766|1
GRK|OO|45|7.9556|3.8|0.0|5.7429|2.2127|2
GRR|9E|92|-0.2556|-5.0556|0.0217|11.7132|-11.9688|1
GRR|YX|241|0.9449|-6.3234|0.0207|11.7132|-10.7683|2
GRR|DL|274|5.5401|-2.2153|0.0|11.7132|-6.1731|3
GRR|WN|208|10.3398|6.0097|0.0096|11.7132|-1.3734|4
GRR|OH|79|11.5065|8.2987|0.0253|11.7132|-0.2067|5
GRR|UA|135|12.963|12.0222|0.0|11.7132|1.2498|6
GRR|G4|195|13.9843|7.4503|0.0205|11.7132|2.2711|7
GRR|AA|251|16.0643|12.2742|0.008|11.7132|4.3511|8
GRR|OO|187|17.779|14.674|0.0321|11.7132|6.0658|9
GRR|MQ|69|20.2941|21.5441|0.0145|11.7132|8.5809|10
GRR|F9|73|43.2817|39.3714|0.0274|11.7132|31.5685|11
GSO|YX|172|-1.1497|-4.5449|0.0291|7.447|-8.5967|1
GSO|OO|113|3.2212|1.1339|0.0|7.447|-4.2258|2
GSO|OH|268|5.7224|4.272|0.0187|7.447|-1.7246|3
GSO|DL|239|6.9372|-1.4728|0.0|7.447|-0.5098|4
GSO|G4|13|8.0|13.0|0.0|7.447|0.553|5
GSO|9E|156|8.1429|-1.1111|0.0128|7.447|0.6959|6
GSO|MQ|130|15.2077|10.5308|0.0|7.447|7.7607|7
GSO|AA|130|18.031|13.9302|0.0077|7.447|10.584|8
GSP|OO|99|0.4433|-2.1237|0.0202|7.5109|-7.0676|1
GSP|YX|222|2.037|-2.8287|0.027|7.5109|-5.4739|2
GSP|DL|238|3.9831|-4.3502|0.0042|7.5109|-3.5278|3
GSP|WN|168|6.7738|-0.5417|0.0|7.5109|-0.7371|4
GSP|OH|355|6.9207|6.2918|0.0056|7.5109|-0.5902|5
GSP|9E|147|7.6736|0.2098|0.0204|7.5109|0.1627|6
GSP|UA|48|10.1489|0.6596|0.0208|7.5109|2.638|7
GSP|MQ|174|11.6092|11.3276|0.0|7.5109|4.0983|8
GSP|AA|134|14.6429|7.3095|0.0597|7.5109|7.132|9
GSP|G4|37|42.027|36.9189|0.0|7.5109|34.5161|10
GST|AS|11|-0.8|-6.3|0.0909|-0.8|0.0|1
GTF|OO|192|1.2656|-3.75|0.0|7.5109|-6.2453|1
GTF|UA|23|9.4545|-0.7273|0.0435|7.5109|1.9436|2
GTF|G4|16|84.6|79.3333|0.0625|7.5109|77.0891|3
GTR|9E|76|2.6|0.1067|0.0132|2.6|0.0|1
GUC|OO|64|3.875|-1.5312|0.0|5.3636|-1.4886|1
GUC|AA|13|12.6923|16.1538|0.0|5.3636|7.3287|2
GUM|UA|68|-0.1029|-11.2794|0.0|-0.1029|0.0|1
HDN|AA|18|0.6111|1.3333|0.0|9.7522|-9.1411|1
HDN|MQ|3|3.0|9.6667|0.0|9.7522|-6.7522|2
HDN|DL|13|6.6923|10.8462|0.0|9.7522|-3.0599|3
HDN|WN|63|8.0323|2.7903|0.0159|9.7522|-1.7199|4
HDN|UA|53|8.3846|-1.3462|0.0189|9.7522|-1.3676|5
HDN|OO|72|14.6479|7.0845|0.0139|9.7522|4.8957|6
HDN|B6|12|14.7273|6.0|0.0833|9.7522|4.9751|7
HGR|G4|32|98.8065|96.0968|0.0312|98.8065|0.0|1
HHH|MQ|123|6.5447|3.7967|0.0|6.9202|-0.3755|1
HHH|YX|68|7.6308|2.5938|0.0441|6.9202|0.7106|2
HIB|OO|54|1.5|-5.3519|0.0|1.5|0.0|1
HLN|OO|158|11.0|6.5987|0.0063|11.0|0.0|1
HNL|WN|1485|3.127|-3.1324|0.0034|5.8713|-2.7443|1
HNL|AA|234|4.4464|-8.5107|0.0043|5.8713|-1.4249|2
HNL|HA|3012|6.1151|4.9362|0.0103|5.8713|0.2438|3
HNL|DL|375|8.0889|-3.6213|0.0133|5.8713|2.2176|4
HNL|AS|436|8.4299|0.0399|0.0206|5.8713|2.5586|5
HNL|UA|509|9.3347|-3.1687|0.0079|5.8713|3.4634|6
HOB|OO|48|4.6667|-2.1875|0.0|4.6667|0.0|1
HOU|OO|38|9.5946|8.973|0.0263|13.2282|-3.6336|1
HOU|G4|37|10.2973|10.0541|0.0|13.2282|-2.9309|2
HOU|WN|5127|13.1579|4.8328|0.0082|13.2282|-0.0703|3
HOU|MQ|170|14.0783|9.8675|0.0235|13.2282|0.8501|4
HOU|DL|166|14.3795|9.9036|0.0|13.2282|1.1513|5
HOU|F9|35|15.0882|7.2941|0.0286|13.2282|1.86|6
HOU|OH|12|30.3333|38.25|0.0|13.2282|17.1051|7
HPN|YX|9|-4.1111|-10.7778|0.0|15.1528|-19.2639|1
HPN|9E|79|8.1772|0.519|0.0|15.1528|-6.9756|2
HPN|B6|502|10.903|4.3117|0.0139|15.1528|-4.2498|3
HPN|OH|265|17.3923|13.7054|0.0189|15.1528|2.2395|4
HPN|OO|110|20.4434|12.9245|0.0364|15.1528|5.2906|5
HPN|DL|94|20.6383|10.5745|0.0|15.1528|5.4855|6
HPN|MQ|112|25.8807|20.7037|0.0357|15.1528|10.7279|7
HRL|OO|25|3.24|3.16|0.0|6.408|-3.168|1
HRL|MQ|154|5.0596|2.5497|0.0195|6.408|-1.3484|2
HRL|WN|229|7.214|4.1397|0.0|6.408|0.806|3
HRL|DL|19|11.5789|-0.2632|0.0|6.408|5.1709|4
HSV|YX|15|-0.8|-3.3333|0.0|10.203|-11.003|1
HSV|DL|188|1.4043|-6.8457|0.0|10.203|-8.7987|2
HSV|AA|2|8.5|12.5|0.0|10.203|-1.703|3
HSV|OO|176|8.7931|5.6149|0.0114|10.203|-1.4099|4
HSV|OH|236|13.0693|12.1696|0.0212|10.203|2.8663|5
HSV|MQ|194|13.9585|9.125|0.0103|10.203|3.7555|6
HSV|9E|56|22.8148|17.1296|0.0357|10.203|12.6118|7
HTS|G4|51|44.4|45.1|0.0196|44.4|0.0|1
HYA|YX|12|-3.8333|11.0833|0.0|3.619|-7.4523|1
HYA|B6|9|13.5556|16.4444|0.0|3.619|9.9366|2
HYS|OO|66|3.0615|-3.2615|0.0152|3.0615|0.0|1
IAD|MQ|1|-2.0|11.0|0.0|9.7602|-11.7602|1
IAD|F9|7|-1.0|-10.0|0.0|9.7602|-10.7602|2
IAD|9E|47|0.383|-8.4255|0.0|9.7602|-9.3772|3
IAD|YX|792|3.631|-2.5|0.0088|9.7602|-6.1292|4
IAD|DL|343|6.4029|-4.5858|0.0087|9.7602|-3.3573|5
IAD|AS|209|9.8696|6.0725|0.0096|9.7602|0.1094|6
IAD|UA|3162|10.0702|3.3943|0.0133|9.7602|0.31|7
IAD|WN|116|10.3621|0.4138|0.0|9.7602|0.6019|8
IAD|OH|171|10.6964|3.8095|0.0175|9.7602|0.9362|9
IAD|OO|266|22.9459|16.845|0.0263|9.7602|13.1857|10
IAD|AA|69|28.3824|21.7015|0.0145|9.7602|18.6222|11
IAD|G4|31|28.7419|20.7742|0.0|9.7602|18.9817|12
IAG|G4|37|27.4571|26.0|0.0541|27.4571|0.0|1
IAH|YX|5|-3.6|-11.0|0.0|17.2731|-20.8731|1
IAH|OH|4|5.75|9.0|0.0|17.2731|-11.5231|2
IAH|AS|90|7.5909|1.9318|0.0222|17.2731|-9.6822|3
IAH|MQ|129|9.24|5.04|0.031|17.2731|-8.0331|4
IAH|DL|833|12.6373|4.4167|0.0036|17.2731|-4.6358|5
IAH|WN|292|13.4055|7.3668|0.0068|17.2731|-3.8676|6
IAH|NK|1000|13.9838|6.4542|0.014|17.2731|-3.2893|7
IAH|UA|6727|17.1573|11.8357|0.0137|17.2731|-0.1158|8
IAH|OO|1336|18.6072|13.6245|0.0262|17.2731|1.3341|9
IAH|B6|67|18.9403|13.0149|0.0|17.2731|1.6672|10
IAH|AA|723|26.0098|22.5042|0.0124|17.2731|8.7367|11
IAH|F9|323|26.5287|26.2652|0.031|17.2731|9.2556|12
ICT|OH|24|0.75|5.3333|0.0|8.633|-7.883|1
ICT|WN|191|1.0737|-6.4632|0.0052|8.633|-7.5593|2
ICT|DL|89|1.7727|-5.7011|0.0112|8.633|-6.8603|3
ICT|9E|15|7.2|2.8667|0.0|8.633|-1.433|4
ICT|G4|43|7.5581|0.814|0.0|8.633|-1.0749|5
ICT|MQ|242|7.7137|4.2697|0.0041|8.633|-0.9193|6
ICT|UA|50|9.08|15.26|0.0|8.633|0.447|7
ICT|OO|319|13.2389|8.3205|0.0157|8.633|4.6059|8
ICT|AA|54|28.0741|24.6111|0.0|8.633|19.4411|9
IDA|DL|9|-5.7778|-10.0|0.0|12.7701|-18.5479|1
IDA|OO|286|7.6737|1.2667|0.0035|12.7701|-5.0964|2
IDA|G4|41|52.2683|50.5366|0.0|12.7701|39.4982|3
ILM|OO|4|2.0|4.25|0.0|11.0585|-9.0585|1
ILM|9E|111|3.2936|-2.0275|0.018|11.0585|-7.7649|2
ILM|MQ|122|7.4508|2.0331|0.0|11.0585|-3.6077|3
ILM|OH|184|9.3812|7.4022|0.0272|11.0585|-1.6773|4
ILM|YX|142|10.8705|10.0942|0.0211|11.0585|-0.188|5
ILM|AA|150|13.3673|9.3401|0.02|11.0585|2.3088|6
ILM|DL|69|30.6567|24.4091|0.029|11.0585|19.5982|7
IMT|OO|85|9.0824|8.3176|0.0|9.0824|0.0|1
IND|YX|1240|3.5777|-1.6387|0.0089|10.1412|-6.5635|1
IND|9E|234|4.3074|-4.513|0.0171|10.1412|-5.8338|2
IND|OO|97|5.6289|-0.3505|0.0|10.1412|-4.5123|3
IND|MQ|108|5.8396|2.6509|0.0185|10.1412|-4.3016|4
IND|OH|33|9.5312|9.3125|0.0303|10.1412|-0.61|5
IND|WN|1074|9.6682|2.5588|0.0065|10.1412|-0.473|6
IND|G4|153|11.8571|11.0959|0.0392|10.1412|1.7159|7
IND|AS|70|12.4714|10.3|0.0|10.1412|2.3302|8
IND|NK|216|13.4476|5.2967|0.0324|10.1412|3.3064|9
IND|DL|431|14.7925|7.7506|0.0046|10.1412|4.6513|10
IND|UA|240|16.2792|10.4622|0.0|10.1412|6.138|11
IND|AA|708|17.6325|13.271|0.0085|10.1412|7.4913|12
IND|F9|80|22.7342|22.1392|0.0125|10.1412|12.593|13
INL|OO|67|1.403|-4.2985|0.0|1.403|0.0|1
ISP|B6|8|-2.25|-12.5|0.0|16.3045|-18.5545|1
ISP|WN|272|15.0|6.2915|0.0037|16.3045|-1.3045|2
ISP|F9|192|19.0326|7.4973|0.0469|16.3045|2.7281|3
ITH|YX|12|2.0|-6.3333|0.0|9.1026|-7.1026|1
ITH|9E|67|10.3939|-5.0|0.0149|9.1026|1.2913|2
ITO|WN|187|-2.3048|-5.3797|0.0|0.8275|-3.1323|1
ITO|HA|507|1.992|1.5089|0.0079|0.8275|1.1645|2
JAC|OO|116|1.3509|-5.1892|0.0172|19.7314|-18.3805|1
JAC|UA|207|14.0539|9.0049|0.0145|19.7314|-5.6775|2
JAC|DL|148|17.2027|8.7635|0.0|19.7314|-2.5287|3
JAC|AS|8|21.625|28.8571|0.0|19.7314|1.8936|4
JAC|AA|92|59.0|58.5495|0.0|19.7314|39.2686|5
JAN|9E|25|-1.48|-4.16|0.0|9.1059|-10.5859|1
JAN|OO|52|1.9796|1.7959|0.0577|9.1059|-7.1263|2
JAN|DL|211|5.3476|-1.9713|0.0047|9.1059|-3.7583|3
JAN|MQ|99|11.202|7.7576|0.0|9.1059|2.0961|4
JAN|OH|126|12.4672|11.2213|0.0317|9.1059|3.3613|5
JAN|WN|176|13.5943|8.8229|0.0057|9.1059|4.4884|6
JAX|OO|19|3.0|9.3158|0.0|13.0972|-10.0972|1
JAX|9E|94|3.4409|-4.6989|0.0106|13.0972|-9.6563|2
JAX|YX|168|5.8735|0.8788|0.0119|13.0972|-7.2237|3
JAX|OH|90|6.2|2.7444|0.0|13.0972|-6.8972|4
JAX|WN|472|8.4426|3.6346|0.0042|13.0972|-4.6546|5
JAX|G4|76|10.44|7.52|0.0132|13.0972|-2.6572|6
JAX|MQ|111|10.6216|7.2364|0.0|13.0972|-2.4756|7
JAX|DL|557|10.7391|5.2704|0.009|13.0972|-2.3581|8
JAX|UA|408|12.5285|7.8204|0.0123|13.0972|-0.5687|9
JAX|F9|67|17.7121|17.6212|0.0149|13.0972|4.6149|10
JAX|AA|701|20.703|18.3786|0.0071|13.0972|7.6058|11
JAX|B6|174|21.848|17.1813|0.0172|13.0972|8.7508|12
JFK|YX|1734|4.7916|-2.1406|0.011|12.748|-7.9564|1
JFK|AS|373|7.1063|0.0163|0.0161|12.748|-5.6417|2
JFK|9E|1702|7.2284|0.7816|0.03|12.748|-5.5196|3
JFK|AA|1449|8.8325|-2.5413|0.0069|12.748|-3.9155|4
JFK|HA|27|8.9231|5.7308|0.037|12.748|-3.8249|5
JFK|DL|3149|13.5418|2.671|0.006|12.748|0.7938|6
JFK|OO|284|18.3022|10.3105|0.0211|12.748|5.5542|7
JFK|B6|3495|20.1285|11.9481|0.0152|12.748|7.3805|8
JFK|F9|90|25.4494|16.9438|0.0111|12.748|12.7014|9
JLN|OO|71|13.5|4.4143|0.0141|13.5|0.0|1
JMS|OO|67|34.8594|30.8594|0.0448|34.8594|0.0|1
JNU|AS|486|2.4419|1.3208|0.0082|2.8723|-0.4304|1
JNU|DL|19|13.7895|9.7368|0.0|2.8723|10.9172|2
JST|OO|71|27.4286|19.4286|0.0141|27.4286|0.0|1
KOA|WN|338|-1.3964|-7.2101|0.0|4.7197|-6.1161|1
KOA|DL|71|1.3239|-7.5634|0.0|4.7197|-3.3958|2
KOA|HA|752|2.7313|1.9746|0.0053|4.7197|-1.9884|3
KOA|UA|157|6.4516|-4.7338|0.0191|4.7197|1.7319|4
KOA|AS|202|15.9847|9.3316|0.0297|4.7197|11.265|5
KOA|AA|76|22.0789|12.7632|0.0|4.7197|17.3592|6
KTN|AS|262|-0.3583|-3.6587|0.0305|0.4138|-0.7721|1
KTN|OO|7|28.4286|30.7143|0.0|0.4138|28.0148|2
LAN|9E|13|2.5833|-3.25|0.0769|28.5118|-25.9285|1
LAN|OO|89|29.8295|25.3068|0.0112|28.5118|1.3177|2
LAN|OH|28|35.7407|42.037|0.0357|28.5118|7.2289|3
LAR|OO|59|24.0|23.75|0.0508|24.0|0.0|1
LAS|G4|730|7.4856|2.6831|0.0014|13.0562|-5.5706|1
LAS|DL|1582|8.0616|0.2282|0.0044|13.0562|-4.9946|2
LAS|UA|1406|10.567|4.7929|0.0078|13.0562|-2.4892|3
LAS|NK|2580|10.7012|4.5588|0.0101|13.0562|-2.355|4
LAS|AS|570|12.0503|10.5683|0.0228|13.0562|-1.0059|5
LAS|B6|292|13.2674|1.9504|0.0137|13.0562|0.2112|6
LAS|WN|8551|14.2541|6.2536|0.003|13.0562|1.1979|7
LAS|F9|1298|15.7964|12.0039|0.0131|13.0562|2.7402|8
LAS|AA|1358|16.2376|7.9157|0.0052|13.0562|3.1814|9
LAS|OO|239|19.7106|21.453|0.0167|13.0562|6.6544|10
LAS|HA|132|30.8779|29.2672|0.0076|13.0562|17.8217|11
LAW|MQ|13|20.4615|12.7692|0.0|26.6042|-6.1427|1
LAW|OO|89|27.5663|26.759|0.0674|26.6042|0.9621|2
LAX|AS|924|6.6817|3.2472|0.0173|10.855|-4.1733|1
LAX|OO|3850|7.0739|4.7301|0.0029|10.855|-3.7811|2
LAX|UA|2689|7.2372|-1.174|0.0123|10.855|-3.6178|3
LAX|DL|3483|10.7831|4.5858|0.006|10.855|-0.0719|4
LAX|NK|1143|10.9415|3.2316|0.0122|10.855|0.0865|5
LAX|B6|879|11.1562|3.6476|0.0023|10.855|0.3012|6
LAX|WN|2592|11.246|4.1008|0.0031|10.855|0.391|7
LAX|G4|136|14.163|8.8148|0.0074|10.855|3.308|8
LAX|AA|3063|17.8473|10.6105|0.0056|10.855|6.9923|9
LAX|HA|223|18.457|14.1727|0.0135|10.855|7.602|10
LAX|F9|234|25.2611|25.2699|0.0342|10.855|14.4061|11
LAX|MQ|8|25.5|16.0|0.0|10.855|14.645|12
LBB|WN|241|7.5934|-0.2656|0.0|12.6828|-5.0894|1
LBB|MQ|176|7.92|5.7086|0.0057|12.6828|-4.7628|2
LBB|OO|115|16.0|13.4732|0.0261|12.6828|3.3172|3
LBB|AA|53|45.1538|38.8431|0.0377|12.6828|32.471|4
LBE|NK|58|2.3509|-5.2632|0.0172|2.3509|0.0|1
LBF|OO|68|4.197|5.1364|0.0294|4.197|0.0|1
LBL|OO|62|32.1148|28.8197|0.0161|32.1148|0.0|1
LCH|OO|93|9.8132|5.8022|0.0215|20.5155|-10.7023|1
LCH|MQ|6|182.8333|190.1667|0.0|20.5155|162.3178|2
LCK|G4|91|7.9667|6.4444|0.011|7.9667|0.0|1
LEX|YX|80|-2.3375|-1.7722|0.0|15.5857|-17.9232|1
LEX|9E|27|0.6667|-7.1481|0.0|15.5857|-14.919|2
LEX|MQ|116|7.4348|0.7913|0.0086|15.5857|-8.1509|3
LEX|DL|163|11.6358|-0.5988|0.0061|15.5857|-3.9499|4
LEX|OO|199|16.7449|9.7449|0.0151|15.5857|1.1592|5
LEX|OH|170|19.5385|12.9286|0.0059|15.5857|3.9528|6
LEX|G4|88|23.2738|20.0482|0.0455|15.5857|7.6881|7
LEX|AA|107|33.2547|31.283|0.0093|15.5857|17.669|8
LFT|OO|108|2.0777|-5.1262|0.0463|8.2147|-6.137|1
LFT|9E|79|3.3924|-0.0886|0.0|8.2147|-4.8223|2
LFT|MQ|48|5.6596|2.383|0.0208|8.2147|-2.5551|3
LFT|OH|84|21.8675|21.5783|0.0119|8.2147|13.6528|4
LGA|YX|4182|3.7347|-3.0858|0.0191|11.534|-7.7993|1
LGA|9E|3199|7.0791|-3.3196|0.0372|11.534|-4.4549|2
LGA|UA|811|10.0187|2.8961|0.0123|11.534|-1.5153|3
LGA|NK|831|14.9681|4.6966|0.0181|11.534|3.4341|4
LGA|DL|2712|15.8103|6.0258|0.0092|11.534|4.2763|5
LGA|B6|923|16.2192|7.7094|0.0173|11.534|4.6852|6
LGA|WN|1181|16.8586|4.0361|0.0135|11.534|5.3246|7
LGA|AA|1628|17.1557|8.8378|0.0104|11.534|5.6217|8
LGA|F9|259|31.6475|24.877|0.0579|11.534|20.1135|9
LGA|OO|403|32.3593|27.1108|0.0124|11.534|20.8253|10
LGB|HA|60|-1.2759|-9.0|0.0333|7.4198|-8.6957|1
LGB|WN|1561|6.8033|-0.37|0.0032|7.4198|-0.6165|2
LGB|OO|57|14.8596|10.2632|0.0|7.4198|7.4398|3
LGB|DL|32|39.9062|32.2188|0.0|7.4198|32.4864|4
LIH|DL|100|0.1818|-12.8384|0.01|3.6622|-3.4804|1
LIH|WN|324|0.2809|-5.8086|0.0|3.6622|-3.3813|2
LIH|UA|122|1.5328|-9.1429|0.0|3.6622|-2.1294|3
LIH|HA|886|4.1661|3.3356|0.0147|3.6622|0.5039|4
LIH|AA|55|4.5273|-8.2909|0.0|3.6622|0.8651|5
LIH|AS|102|15.549|7.9307|0.0|3.6622|11.8868|6
LIT|DL|226|1.9778|-4.3689|0.0044|11.2098|-9.232|1
LIT|9E|21|5.8571|2.0|0.0|11.2098|-5.3527|2
LIT|WN|236|7.2179|-0.1368|0.0085|11.2098|-3.9919|3
LIT|YX|59|7.5965|4.0|0.0339|11.2098|-3.6133|4
LIT|MQ|345|13.0585|10.5556|0.0087|11.2098|1.8487|5
LIT|F9|11|14.4545|3.9091|0.0|11.2098|3.2447|6
LIT|OO|195|15.7969|12.3874|0.0154|11.2098|4.5871|7
LIT|OH|79|17.7922|12.7662|0.0253|11.2098|6.5824|8
LIT|G4|9|21.8889|12.6667|0.0|11.2098|10.6791|9
LIT|AA|73|27.8028|23.1714|0.0274|11.2098|16.593|10
LNK|YX|4|-5.3333|-1.0|0.25|10.6359|-15.9692|1
LNK|OO|182|10.9006|4.2278|0.0055|10.6359|0.2647|2
LRD|MQ|165|23.0061|21.4479|0.0121|26.5385|-3.5324|1
LRD|OO|7|44.2857|43.8571|0.0|26.5385|17.7472|2
LRD|G4|12|64.1667|53.5|0.0|26.5385|37.6282|3
LSE|MQ|24|5.087|0.4783|0.0417|5.087|0.0|1
LWS|OO|128|10.2656|6.2891|0.0|10.2656|0.0|1
MAF|WN|341|9.0979|3.9021|0.0117|11.3078|-2.2099|1
MAF|OO|328|9.2954|5.8677|0.0091|11.3078|-2.0124|2
MAF|UA|9|10.1111|9.3333|0.0|11.3078|-1.1967|3
MAF|MQ|269|16.5672|14.5993|0.0074|11.3078|5.2594|4
MBS|9E|13|1.4615|7.6923|0.0|13.5447|-12.0832|1
MBS|OO|233|14.2189|10.133|0.0|13.5447|0.6742|2
MCI|AS|103|-1.5825|-4.3564|0.0|9.8673|-11.4498|1
MCI|F9|38|2.0789|0.7105|0.0|9.8673|-7.7884|2
MCI|DL|707|3.7165|-3.3775|0.0071|9.8673|-6.1508|3
MCI|YX|172|6.0119|3.0422|0.0233|9.8673|-3.8554|4
MCI|MQ|122|7.0413|3.7521|0.0082|9.8673|-2.826|5
MCI|OO|118|9.0769|7.2393|0.0085|9.8673|-0.7904|6
MCI|UA|357|9.3333|5.8835|0.0084|9.8673|-0.534|7
MCI|NK|159|9.4684|0.5316|0.0063|9.8673|-0.3989|8
MCI|OH|66|9.4848|7.9697|0.0|9.8673|-0.3825|9
MCI|WN|2366|10.0298|3.8113|0.0059|9.8673|0.1625|10
MCI|9E|121|14.6579|9.1681|0.0579|9.8673|4.7906|11
MCI|AA|577|16.478|15.843|0.0156|9.8673|6.6107|12
MCI|G4|29|29.4138|26.8276|0.0|9.8673|19.5465|13
MCI|B6|16|128.375|127.625|0.0|9.8673|118.5077|14
MCO|G4|12|0.5833|3.3333|0.0|15.5716|-14.9883|1
MCO|F9|1784|12.5429|7.9307|0.0202|15.5716|-3.0287|2
MCO|UA|1301|12.6116|6.5442|0.0192|15.5716|-2.96|3
MCO|NK|2324|13.3161|7.6607|0.0172|15.5716|-2.2555|4
MCO|WN|4364|14.8556|9.0551|0.0082|15.5716|-0.716|5
MCO|AS|255|15.7448|13.0127|0.0667|15.5716|0.1732|6
MCO|DL|2165|17.0056|10.794|0.0074|15.5716|1.434|7
MCO|B6|1754|19.4193|12.6189|0.0074|15.5716|3.8477|8
MCO|AA|1746|20.011|16.3916|0.0086|15.5716|4.4394|9
MCW|OO|65|19.0167|13.2333|0.0769|19.0167|0.0|1
MDT|YX|34|-5.0|-16.3235|0.0|10.0151|-15.0151|1
MDT|F9|5|-2.8|-13.2|0.0|10.0151|-12.8151|2
MDT|OH|64|1.0938|-2.3125|0.0|10.0151|-8.9213|3
MDT|9E|24|1.7391|-13.4783|0.0417|10.0151|-8.276|4
MDT|DL|72|3.0417|-7.5694|0.0|10.0151|-6.9734|5
MDT|UA|39|4.7692|-0.2308|0.0|10.0151|-5.2459|6
MDT|G4|86|13.0833|5.4578|0.0233|10.0151|3.0682|7
MDT|AA|117|18.3793|14.7328|0.0085|10.0151|8.3642|8
MDT|OO|96|18.6809|12.9149|0.0208|10.0151|8.6658|9
MDW|DL|134|2.0299|-6.8881|0.0|13.0918|-11.0619|1
MDW|G4|51|5.84|1.92|0.0196|13.0918|-7.2518|2
MDW|WN|7097|12.9086|6.0478|0.0063|13.0918|-0.1832|3
MDW|OO|206|14.2732|10.078|0.0049|13.0918|1.1814|4
MDW|F9|373|20.9809|14.1393|0.0161|13.0918|7.8891|5
MEI|OO|71|9.1429|7.2286|0.0141|9.1429|0.0|1
MEM|F9|18|-3.5|-1.8889|0.0|10.0942|-13.5942|1
MEM|MQ|153|1.9145|-2.3421|0.0065|10.0942|-8.1797|2
MEM|YX|275|1.9299|-3.8303|0.0145|10.0942|-8.1643|3
MEM|9E|106|6.0288|-1.0594|0.0189|10.0942|-4.0654|4
MEM|DL|456|6.7086|-3.0177|0.0066|10.0942|-3.3856|5
MEM|UA|153|9.0132|3.0132|0.0065|10.0942|-1.081|6
MEM|OH|63|9.3548|1.4839|0.0159|10.0942|-0.7394|7
MEM|WN|268|12.8647|6.6439|0.0075|10.0942|2.7705|8
MEM|AA|390|16.3325|13.2422|0.0154|10.0942|6.2383|9
MEM|NK|90|19.8427|8.1461|0.0111|10.0942|9.7485|10
MEM|OO|70|21.942|17.2464|0.0143|10.0942|11.8478|11
MEM|G4|38|37.5526|29.5789|0.0|10.0942|27.4584|12
MFE|UA|48|-3.3542|-10.3958|0.0|13.8778|-17.232|1
MFE|G4|66|9.2154|3.5846|0.0152|13.8778|-4.6624|2
MFE|MQ|88|11.4138|11.1149|0.0114|13.8778|-2.464|3
MFE|OO|100|14.5859|12.6465|0.01|13.8778|0.7081|4
MFE|AA|201|20.25|17.9899|0.005|13.8778|6.3722|5
MFR|UA|146|12.4414|4.3103|0.0068|16.9503|-4.5089|1
MFR|OO|285|17.0246|12.6937|0.0035|16.9503|0.0743|2
MFR|G4|35|35.5588|32.1471|0.0286|16.9503|18.6085|3
MGM|OH|52|8.3333|3.26|0.0192|15.2969|-6.9636|1
MGM|OO|63|12.1111|7.2222|0.0|15.2969|-3.1858|2
MGM|9E|82|14.4146|8.939|0.0|15.2969|-0.8823|3
MGM|MQ|60|25.7667|18.4167|0.0|15.2969|10.4698|4
MGW|OO|2|19.5|44.0|0.0|19.5|0.0|1
MHK|MQ|100|8.7273|-2.5155|0.02|8.7273|0.0|1
MHT|MQ|37|6.7838|2.4054|0.0|9.4147|-2.6309|1
MHT|WN|298|7.0272|-1.517|0.0134|9.4147|-2.3875|2
MHT|YX|6|9.1667|13.0|0.0|9.4147|-0.248|3
MHT|OH|230|9.7111|3.5911|0.0217|9.4147|0.2964|4
MHT|NK|16|30.5625|15.375|0.0|9.4147|21.1478|5
MHT|AA|8|58.875|57.875|0.0|9.4147|49.4603|6
MIA|MQ|1384|6.3768|3.2487|0.0152|18.2398|-11.863|1
MIA|NK|530|8.692|3.9569|0.0321|18.2398|-9.5478|2
MIA|YX|47|11.766|3.5106|0.0|18.2398|-6.4738|3
MIA|F9|384|12.3733|9.0107|0.026|18.2398|-5.8665|4
MIA|AS|43|14.2|15.5263|0.0698|18.2398|-4.0398|5
MIA|WN|571|16.6595|13.3597|0.0175|18.2398|-1.5803|6
MIA|UA|627|17.0537|12.5754|0.0207|18.2398|-1.1861|7
MIA|DL|1192|17.6571|11.7286|0.0101|18.2398|-0.5827|8
MIA|B6|177|20.5371|18.4229|0.0113|18.2398|2.2973|9
MIA|AA|6049|22.5057|16.156|0.0069|18.2398|4.2659|10
MKE|AS|38|-0.4595|-3.4324|0.0263|10.0352|-10.4947|1
MKE|YX|175|2.3795|-4.1325|0.0514|10.0352|-7.6557|2
MKE|NK|88|3.1034|-5.8276|0.0114|10.0352|-6.9318|3
MKE|UA|82|3.5122|-2.9146|0.0|10.0352|-6.523|4
MKE|OH|91|7.6667|9.3778|0.011|10.0352|-2.3685|5
MKE|DL|387|8.4883|1.413|0.0052|10.0352|-1.5469|6
MKE|WN|1018|9.0119|2.3704|0.0098|10.0352|-1.0233|7
MKE|AA|260|12.3256|7.5234|0.0115|10.0352|2.2904|8
MKE|F9|51|13.9412|11.4902|0.0|10.0352|3.906|9
MKE|OO|509|14.504|8.492|0.0138|10.0352|4.4688|10
MKE|9E|90|14.5116|7.2|0.0556|10.0352|4.4764|11
MKE|MQ|4|16.25|19.0|0.0|10.0352|6.2148|12
MKE|B6|54|32.1667|26.9815|0.0|10.0352|22.1315|13
MLB|OH|113|7.8496|6.5221|0.0|8.5018|-0.6522|1
MLB|DL|137|8.0073|0.5839|0.0|8.5018|-0.4945|2
MLB|G4|21|15.2381|11.1905|0.0|8.5018|6.7363|3
MLI|OH|71|2.5|-1.2429|0.0141|17.9422|-15.4422|1
MLI|MQ|81|11.1975|0.2125|0.0|17.9422|-6.7447|2
MLI|9E|56|13.9273|10.1818|0.0179|17.9422|-4.0149|3
MLI|G4|47|23.5217|15.9348|0.0213|17.9422|5.5795|4
MLI|OO|147|28.8425|25.2276|0.0068|17.9422|10.9003|5
MLU|OO|24|2.625|1.375|0.0|14.7806|-12.1556|1
MLU|9E|91|14.9556|11.4|0.011|14.7806|0.175|2
MLU|MQ|83|18.1463|14.3333|0.012|14.7806|3.3657|3
MOB|9E|78|1.0649|-2.5921|0.0256|10.8386|-9.7737|1
MOB|DL|60|3.95|-3.5833|0.0|10.8386|-6.8886|2
MOB|MQ|129|8.904|7.264|0.031|10.8386|-1.9346|3
MOB|OO|22|63.7273|57.6818|0.0|10.8386|52.8887|4
MOB|OH|1|255.0|246.0|0.0|10.8386|244.1614|5
MOT|G4|30|4.3|-2.2333|0.0|14.5331|-10.2331|1
MOT|OO|212|15.9811|9.4286|0.0|14.5331|1.448|2
MQT|9E|6|-7.1667|-5.5|0.0|7.7021|-14.8688|1
MQT|OO|31|4.9355|0.0968|0.0|7.7021|-2.7666|2
MQT|MQ|58|10.7719|6.7895|0.0172|7.7021|3.0698|3
MRY|OO|346|5.7464|3.3207|0.0087|9.8389|-4.0925|1
MRY|MQ|47|9.5957|6.1702|0.0|9.8389|-0.2432|2
MRY|AA|57|13.4643|12.6364|0.0175|9.8389|3.6254|3
MRY|G4|7|183.0|190.1429|0.0|9.8389|173.1611|4
MSN|YX|118|0.7414|-5.3565|0.0169|10.4359|-9.6945|1
MSN|DL|193|2.2292|-5.4479|0.0052|10.4359|-8.2067|2
MSN|UA|177|5.4457|1.2629|0.0113|10.4359|-4.9902|3
MSN|F9|31|5.6129|5.0645|0.0|10.4359|-4.823|4
MSN|OH|102|9.3137|7.5|0.0|10.4359|-1.1222|5
MSN|9E|68|10.6|6.2|0.0441|10.4359|0.1641|6
MSN|MQ|77|13.1818|16.7532|0.0|10.4359|2.7459|7
MSN|OO|229|16.9422|14.7067|0.0175|10.4359|6.5063|8
MSN|AA|197|21.5258|16.8601|0.0152|10.4359|11.0899|9
MSO|DL|77|5.5|0.1842|0.013|11.5252|-6.0252|1
MSO|OO|116|7.4779|1.7345|0.0259|11.5252|-4.0473|2
MSO|AA|32|9.0312|2.4688|0.0|11.5252|-2.494|3
MSO|UA|96|13.9468|6.1809|0.0208|11.5252|2.4216|4
MSO|AS|16|16.6875|11.25|0.0|11.5252|5.1623|5
MSO|MQ|38|17.8947|12.8108|0.0|11.5252|6.3695|6
MSO|G4|39|18.8974|17.0513|0.0|11.5252|7.3722|7
MSO|F9|11|28.7778|40.2222|0.1818|11.5252|17.2526|8
MSP|NK|128|5.7143|3.4127|0.0156|9.65|-3.9357|1
MSP|9E|699|6.366|3.8674|0.0072|9.65|-3.284|2
MSP|YX|120|6.5|4.9649|0.0417|9.65|-3.15|3
MSP|AS|104|8.0962|2.0192|0.0|9.65|-1.5538|4
MSP|DL|6968|8.3145|1.4001|0.0049|9.65|-1.3355|5
MSP|UA|505|8.96|4.1102|0.0099|9.65|-0.69|6
MSP|WN|714|9.7075|2.3915|0.0056|9.65|0.0575|7
MSP|F9|155|10.5395|8.2566|0.0194|9.65|0.8895|8
MSP|MQ|80|11.45|11.9125|0.0|9.65|1.8|9
MSP|OO|2508|12.8152|7.1228|0.0056|9.65|3.1652|10
MSP|AA|480|13.9139|7.7579|0.0083|9.65|4.2639|11
MSP|OH|73|22.6857|23.1714|0.0411|9.65|13.0357|12
MSP|B6|30|41.1|36.3448|0.0333|9.65|31.45|13
MSP|G4|24|43.1667|41.125|0.0|9.65|33.5167|14
MSY|G4|6|-6.3333|-11.3333|0.0|14.1141|-20.4474|1
MSY|UA|716|6.4936|0.7762|0.0223|14.1141|-7.6205|2
MSY|AS|72|10.0423|5.0704|0.0139|14.1141|-4.0718|3
MSY|DL|745|12.227|5.0326|0.0067|14.1141|-1.8871|4
MSY|MQ|99|13.2041|12.5714|0.0101|14.1141|-0.91|5
MSY|OH|69|13.7761|4.4478|0.029|14.1141|-0.338|6
MSY|WN|1843|13.8239|9.107|0.0087|14.1141|-0.2902|7
MSY|NK|492|14.0373|8.1913|0.0203|14.1141|-0.0768|8
MSY|F9|84|17.2892|13.747|0.0119|14.1141|3.1751|9
MSY|AA|688|20.5556|17.53|0.0058|14.1141|6.4415|10
MSY|OO|34|22.7941|17.0294|0.0|14.1141|8.68|11
MSY|YX|55|24.0364|16.1636|0.0|14.1141|9.9223|12
MSY|B6|177|27.3657|23.0925|0.0169|14.1141|13.2516|13
MTJ|UA|89|2.1798|-7.8202|0.0|9.2699|-7.0901|1
MTJ|AA|56|7.1964|3.7679|0.0|9.2699|-2.0735|2
MTJ|WN|63|10.7302|3.381|0.0|9.2699|1.4603|3
MTJ|DL|11|14.2727|2.6364|0.0|9.2699|5.0028|4
MTJ|OO|66|16.7344|9.4921|0.0303|9.2699|7.4645|5
MTJ|MQ|6|29.6667|32.1667|0.0|9.2699|20.3968|6
MVY|YX|46|1.1778|1.3111|0.0217|9.2093|-8.0315|1
MVY|B6|42|17.775|14.95|0.0476|9.2093|8.5657|2
MVY|MQ|1|28.0|20.0|0.0|9.2093|18.7907|3
MYR|9E|62|-2.8833|-10.9167|0.0323|10.6155|-13.4988|1
MYR|DL|197|-0.6633|-6.449|0.0051|10.6155|-11.2788|2
MYR|UA|33|5.1515|-4.7273|0.0|10.6155|-5.464|3
MYR|WN|256|7.0512|0.7992|0.0078|10.6155|-3.5643|4
MYR|F9|44|7.2439|7.0244|0.0682|10.6155|-3.3716|5
MYR|AA|108|11.4953|7.8505|0.0093|10.6155|0.8798|6
MYR|OH|223|11.8356|8.1743|0.0179|10.6155|1.2201|7
MYR|NK|492|12.6757|7.7212|0.0285|10.6155|2.0602|8
MYR|MQ|41|15.9268|11.4634|0.0|10.6155|5.3113|9
MYR|G4|114|17.0459|16.5596|0.0439|10.6155|6.4304|10
MYR|YX|52|49.4314|39.3725|0.0192|10.6155|38.8159|11
OAJ|9E|48|0.2917|-8.6667|0.0|15.3|-15.0083|1
OAJ|DL|39|5.8158|-0.1316|0.0256|15.3|-9.4842|2
OAJ|OH|94|26.7979|24.7553|0.0|15.3|11.4979|3
OAK|OO|130|1.6154|-3.0385|0.0|8.597|-6.9816|1
OAK|HA|109|2.6792|0.6038|0.0275|8.597|-5.9178|2
OAK|WN|3507|8.7196|1.6895|0.0043|8.597|0.1226|3
OAK|NK|313|9.2078|5.0|0.016|8.597|0.6108|4
OAK|AS|60|9.322|0.5593|0.0167|8.597|0.725|5
OAK|G4|13|9.5|9.8333|0.0769|8.597|0.903|6
OAK|DL|50|26.2449|17.3469|0.02|8.597|17.6479|7
OGG|WN|647|-0.524|-7.0528|0.0046|2.8303|-3.3543|1
OGG|UA|176|-0.392|-12.9943|0.0|2.8303|-3.2223|2
OGG|HA|1332|2.7587|1.1306|0.0045|2.8303|-0.0716|3
OGG|DL|99|2.8182|-8.6667|0.0|2.8303|-0.0121|4
OGG|AS|215|10.8317|3.5369|0.0372|2.8303|8.0014|5
OGG|AA|134|11.5714|1.7519|0.0075|2.8303|8.7411|6
OKC|UA|5|-2.0|-4.2|0.0|9.7137|-11.7137|1
OKC|MQ|212|4.6919|0.4976|0.0047|9.7137|-5.0218|2
OKC|AS|32|4.9355|4.1667|0.0625|9.7137|-4.7782|3
OKC|DL|162|5.2037|-2.4938|0.0|9.7137|-4.51|4
OKC|F9|51|5.28|-0.96|0.0196|9.7137|-4.4337|5
OKC|WN|708|7.0837|1.256|0.0042|9.7137|-2.63|6
OKC|OO|684|11.2294|7.6416|0.0058|9.7137|1.5157|7
OKC|YX|89|11.4302|3.6|0.0337|9.7137|1.7165|8
OKC|OH|27|16.6296|16.9615|0.0|9.7137|6.9159|9
OKC|AA|271|18.6827|16.2667|0.0|9.7137|8.969|10
OKC|G4|12|34.9091|34.8182|0.0833|9.7137|25.1954|11
OMA|DL|191|2.8526|-5.0263|0.0052|12.5634|-9.7108|1
OMA|AS|58|2.9655|-0.5517|0.0|12.5634|-9.5979|2
OMA|9E|52|4.125|-1.0|0.0769|12.5634|-8.4384|3
OMA|MQ|37|4.8919|4.1351|0.0|12.5634|-7.6715|4
OMA|OO|437|8.4642|4.8449|0.0092|12.5634|-4.0992|5
OMA|WN|765|11.2253|4.5488|0.0078|12.5634|-1.3381|6
OMA|YX|109|11.5421|5.5849|0.0183|12.5634|-1.0213|7
OMA|UA|299|12.0743|9.7186|0.01|12.5634|-0.4891|8
OMA|G4|50|18.3|16.96|0.0|12.5634|5.7366|9
OMA|OH|10|22.9|19.9|0.0|12.5634|10.3366|10
OMA|AA|308|26.4131|22.0888|0.013|12.5634|13.8497|11
OMA|F9|51|42.98|40.14|0.0196|12.5634|30.4166|12
OME|AS|27|3.2692|9.4615|0.037|3.2692|0.0|1
ONT|MQ|8|-5.625|-9.375|0.0|9.6699|-15.2949|1
ONT|OO|289|1.6655|-0.9161|0.0069|9.6699|-8.0044|2
ONT|HA|40|2.425|2.1|0.0|9.6699|-7.2449|3
ONT|AS|147|2.5068|-1.1918|0.0068|9.6699|-7.1631|4
ONT|DL|179|6.0562|-3.8146|0.0056|9.6699|-3.6137|5
ONT|UA|125|8.0161|-1.0976|0.008|9.6699|-1.6538|6
ONT|WN|1138|8.7931|1.2813|0.0018|9.6699|-0.8768|7
ONT|AA|331|17.0884|10.3272|0.0091|9.6699|7.4185|8
ONT|F9|323|18.3079|15.1143|0.0248|9.6699|8.638|9
ONT|B6|35|22.7647|14.7941|0.0286|9.6699|13.0948|10
ORD|9E|4|0.75|-3.75|0.0|15.3491|-14.5991|1
ORD|YX|1741|6.1505|-0.1188|0.0075|15.3491|-9.1986|2
ORD|MQ|3264|10.1557|6.5153|0.0132|15.3491|-5.1934|3
ORD|WN|655|11.8243|4.5617|0.0092|15.3491|-3.5248|4
ORD|UA|9033|13.8013|7.7418|0.0114|15.3491|-1.5478|5
ORD|DL|1109|14.4258|6.9226|0.0099|15.3491|-0.9233|6
ORD|OO|5323|16.677|12.1797|0.0156|15.3491|1.3279|7
ORD|AS|309|17.4951|12.8328|0.0129|15.3491|2.146|8
ORD|NK|832|18.8199|11.328|0.0192|15.3491|3.4708|9
ORD|B6|124|21.7561|17.4634|0.0081|15.3491|6.407|10
ORD|AA|5099|22.1237|17.639|0.0114|15.3491|6.7746|11
ORD|F9|283|31.3177|32.5632|0.0212|15.3491|15.9686|12
ORF|MQ|44|2.9773|-0.7727|0.0|12.0553|-9.078|1
ORF|OH|314|4.123|0.4221|0.0159|12.0553|-7.9323|2
ORF|YX|297|8.2671|5.7045|0.0202|12.0553|-3.7882|3
ORF|DL|220|10.3364|3.8311|0.0|12.0553|-1.7189|4
ORF|WN|306|11.2328|4.6361|0.0033|12.0553|-0.8225|5
ORF|9E|220|12.0917|6.8578|0.0091|12.0553|0.0364|6
ORF|NK|88|13.3529|4.9059|0.0341|12.0553|1.2976|7
ORF|F9|28|15.0357|13.0|0.0|12.0553|2.9804|8
ORF|UA|244|15.3319|9.2213|0.0369|12.0553|3.2766|9
ORF|AA|272|16.4723|9.8141|0.0037|12.0553|4.417|10
ORF|OO|35|41.1176|40.5294|0.0286|12.0553|29.0623|11
ORF|G4|19|87.2632|86.2105|0.0|12.0553|75.2079|12
ORH|YX|38|2.3056|-4.4167|0.0526|21.7391|-19.4335|1
ORH|9E|25|13.1667|4.7083|0.04|21.7391|-8.5724|2
ORH|B6|78|33.3462|23.7532|0.0|21.7391|11.6071|3
OTH|OO|29|11.3103|8.1034|0.0|11.3103|0.0|1
OTZ|AS|41|-3.8108|-4.5946|0.0976|-3.8108|0.0|1
PAE|AS|116|1.3784|-0.8829|0.0431|1.3784|0.0|1
PBG|G4|55|15.3529|12.06|0.0727|15.3529|0.0|1
PBI|YX|1|-7.0|-11.0|0.0|16.213|-23.213|1
PBI|DL|686|10.7338|5.8851|0.0087|16.213|-5.4792|2
PBI|WN|253|12.6454|7.3855|0.0079|16.213|-3.5676|3
PBI|UA|343|12.7679|4.1471|0.0233|16.213|-3.4451|4
PBI|G4|43|12.9302|12.3488|0.0|16.213|-3.2828|5
PBI|NK|53|14.1698|8.1509|0.0|16.213|-2.0432|6
PBI|B6|853|18.2959|13.4834|0.0094|16.213|2.0829|7
PBI|AA|609|21.5467|18.6417|0.0148|16.213|5.3337|8
PBI|F9|80|30.2051|25.5584|0.025|16.213|13.9921|9
PDX|MQ|5|-6.2|-12.2|0.0|8.1505|-14.3505|1
PDX|G4|38|1.9211|-3.3684|0.0|8.1505|-6.2294|2
PDX|AS|1704|4.2124|2.8223|0.02|8.1505|-3.9381|3
PDX|OO|1068|5.1149|3.7107|0.0056|8.1505|-3.0356|4
PDX|DL|700|5.1817|-3.5866|0.0014|8.1505|-2.9688|5
PDX|UA|631|8.672|2.1659|0.0127|8.1505|0.5215|6
PDX|WN|953|10.6358|4.38|0.0031|8.1505|2.4853|7
PDX|NK|186|12.4153|6.1038|0.0161|8.1505|4.2648|8
PDX|F9|160|16.0392|12.5658|0.05|8.1505|7.8887|9
PDX|AA|380|21.3777|13.9118|0.0132|8.1505|13.2272|10
PDX|HA|61|30.1803|24.6721|0.0|8.1505|22.0298|11
PDX|B6|16|82.9375|75.1875|0.0|8.1505|74.787|12
PGD|G4|632|16.5756|12.9227|0.0158|16.5756|0.0|1
PHL|9E|14|-1.8571|-14.2857|0.0|14.3947|-16.2518|1
PHL|B6|92|1.3258|-5.2697|0.0326|14.3947|-13.0689|2
PHL|YX|836|3.7998|-0.9307|0.0156|14.3947|-10.5949|3
PHL|UA|407|7.6725|1.3491|0.0147|14.3947|-6.7222|4
PHL|AS|67|9.4308|10.1846|0.0299|14.3947|-4.9639|5
PHL|OH|1263|9.8945|5.0453|0.0198|14.3947|-4.5002|6
PHL|DL|603|9.9133|0.6706|0.005|14.3947|-4.4814|7
PHL|WN|488|13.3827|5.3992|0.0041|14.3947|-1.012|8
PHL|NK|489|14.0083|2.977|0.0164|14.3947|-0.3864|9
PHL|OO|11|14.1|6.5|0.0909|14.3947|-0.2947|10
PHL|AA|4437|17.7042|10.7482|0.0137|14.3947|3.3095|11
PHL|F9|1227|20.6804|14.9536|0.0147|14.3947|6.2857|12
PHX|HA|35|0.4286|2.0286|0.0|10.8547|-10.4261|1
PHX|MQ|824|2.6212|-1.7628|0.0036|10.8547|-8.2335|2
PHX|AS|525|2.8119|1.5393|0.0076|10.8547|-8.0428|3
PHX|OO|2537|4.502|1.5319|0.0016|10.8547|-6.3527|4
PHX|DL|1058|8.711|0.6333|0.0066|10.8547|-2.1437|5
PHX|UA|1082|10.6542|4.3895|0.0111|10.8547|-0.2005|6
PHX|WN|6486|12.5195|5.7152|0.0032|10.8547|1.6648|7
PHX|AA|5500|13.2151|7.7589|0.0047|10.8547|2.3604|8
PHX|NK|122|13.7311|10.2269|0.0246|10.8547|2.8764|9
PHX|F9|903|14.5292|11.726|0.0155|10.8547|3.6745|10
PHX|G4|44|20.3409|17.0227|0.0|10.8547|9.4862|11
PHX|B6|108|31.4286|24.9429|0.0278|10.8547|20.5739|12
PIA|G4|88|-1.6977|-5.5814|0.0227|17.1576|-18.8553|1
PIA|MQ|72|18.4|13.0145|0.0278|17.1576|1.2424|2
PIA|OH|91|20.6591|21.9432|0.033|17.1576|3.5015|3
PIA|OO|89|31.4186|24.686|0.0337|17.1576|14.261|4
PIB|OO|58|8.9811|3.6038|0.0862|8.9811|0.0|1
PIE|G4|825|12.0612|9.8385|0.0291|12.0612|0.0|1
PIH|OO|76|-5.9079|-12.7237|0.0|-5.9079|0.0|1
PIT|AS|47|0.9773|-9.9545|0.0638|10.3223|-9.345|1
PIT|YX|965|1.6538|-2.8272|0.0093|10.3223|-8.6685|2
PIT|OO|97|2.3505|-4.8144|0.0|10.3223|-7.9718|3
PIT|B6|116|4.4522|0.7565|0.0086|10.3223|-5.8701|4
PIT|DL|346|4.8725|-2.2087|0.0029|10.3223|-5.4498|5
PIT|G4|127|5.832|1.808|0.0157|10.3223|-4.4903|6
PIT|MQ|59|6.1864|-0.8475|0.0|10.3223|-4.1359|7
PIT|9E|184|8.2111|0.6111|0.0217|10.3223|-2.1112|8
PIT|UA|284|12.1943|6.758|0.0035|10.3223|1.872|9
PIT|WN|968|12.5809|6.6504|0.0041|10.3223|2.2586|10
PIT|OH|71|14.8732|7.338|0.0|10.3223|4.5509|11
PIT|AA|650|19.4613|16.8012|0.0062|10.3223|9.139|12
PIT|NK|368|20.0139|14.0531|0.0272|10.3223|9.6916|13
PIT|F9|50|27.3191|33.5217|0.06|10.3223|16.9968|14
PLN|OO|94|20.4043|11.4894|0.0|20.4043|0.0|1
PNS|YX|8|-1.125|-2.125|0.0|12.358|-13.483|1
PNS|DL|259|0.8494|-4.4981|0.0|12.358|-11.5086|2
PNS|WN|221|4.1765|-2.1674|0.0|12.358|-8.1815|3
PNS|NK|77|4.9867|-2.88|0.026|12.358|-7.3713|4
PNS|UA|60|8.0339|0.1864|0.0167|12.358|-4.3241|5
PNS|MQ|159|11.9811|7.9241|0.0|12.358|-0.3769|6
PNS|OH|310|16.9448|15.1536|0.0065|12.358|4.5868|7
PNS|9E|29|19.4643|13.3929|0.0345|12.358|7.1063|8
PNS|F9|47|23.6444|21.2444|0.0426|12.358|11.2864|9
PNS|AA|175|27.3988|26.6395|0.0114|12.358|15.0408|10
PNS|OO|14|86.8571|84.8571|0.0|12.358|74.4991|11
PPG|HA|7|3.0|-4.0|0.0|3.0|0.0|1
PQI|B6|12|0.3333|-2.0|0.0|0.3333|0.0|1
PRC|OO|74|16.7432|14.0|0.0|16.7432|0.0|1
PSC|AS|33|0.303|1.303|0.0|5.8642|-5.5612|1
PSC|DL|47|3.7234|-5.5745|0.0|5.8642|-2.1408|2
PSC|G4|36|4.9444|-0.1111|0.0|5.8642|-0.9198|3
PSC|OO|415|6.6304|0.9395|0.0024|5.8642|0.7662|4
PSE|B6|61|10.6271|2.7797|0.0328|13.5057|-2.8786|1
PSE|F9|28|19.5714|18.5714|0.0|13.5057|6.0657|2
PSG|AS|79|-2.7051|-4.4545|0.0127|-2.7051|0.0|1
PSM|G4|44|31.4186|18.5581|0.0227|31.4186|0.0|1
PSP|F9|3|-10.6667|-8.3333|0.0|7.6732|-18.3399|1
PSP|B6|3|-0.3333|-22.6667|0.0|7.6732|-8.0065|2
PSP|AS|163|2.6323|-0.6688|0.0491|7.6732|-5.0409|3
PSP|DL|62|3.0161|-7.371|0.0|7.6732|-4.6571|4
PSP|WN|277|6.556|-0.9061|0.0|7.6732|-1.1172|5
PSP|OO|490|6.8955|4.963|0.0041|7.6732|-0.7777|6
PSP|UA|157|10.0573|4.3185|0.0|7.6732|2.3841|7
PSP|G4|8|14.5|12.0|0.0|7.6732|6.8268|8
PSP|AA|164|14.9451|10.1951|0.0|7.6732|7.2719|9
PSP|MQ|15|23.1429|18.4286|0.0667|7.6732|15.4697|10
PVD|UA|23|0.7391|-0.6818|0.0|10.5535|-9.8144|1
PVD|YX|109|4.8224|0.4206|0.0183|10.5535|-5.7311|2
PVD|OO|49|5.4286|3.7959|0.0|10.5535|-5.1249|3
PVD|MQ|41|6.375|4.7436|0.0244|10.5535|-4.1785|4
PVD|OH|168|6.5904|2.7048|0.0119|10.5535|-3.9631|5
PVD|B6|146|9.1517|2.125|0.0068|10.5535|-1.4018|6
PVD|DL|118|9.6496|1.1111|0.0085|10.5535|-0.9039|7
PVD|WN|466|11.3297|2.1162|0.0107|10.5535|0.7762|8
PVD|AA|219|15.5899|11.5115|0.0091|10.5535|5.0364|9
PVD|G4|25|17.84|4.2|0.0|10.5535|7.2865|10
PVD|9E|72|19.0|11.1571|0.0278|10.5535|8.4465|11
PVU|G4|173|8.157|5.5349|0.0058|13.6346|-5.4776|1
PVU|OO|36|39.8056|31.4857|0.0|13.6346|26.171|2
PWM|YX|326|1.1025|-5.6834|0.0123|8.3263|-7.2238|1
PWM|B6|40|1.4211|-1.8421|0.05|8.3263|-6.9052|2
PWM|UA|90|2.7386|1.9432|0.0222|8.3263|-5.5877|3
PWM|MQ|28|4.4643|5.5556|0.0|8.3263|-3.862|4
PWM|OH|79|5.9487|1.8333|0.0127|8.3263|-2.3776|5
PWM|DL|77|6.3816|2.5733|0.013|8.3263|-1.9447|6
PWM|OO|51|8.549|-0.7647|0.0|8.3263|0.2227|7
PWM|9E|94|11.956|6.8901|0.0319|8.3263|3.6297|8
PWM|AA|168|15.1615|8.6584|0.0417|8.3263|6.8352|9
PWM|F9|43|17.0238|7.381|0.0233|8.3263|8.6975|10
PWM|WN|160|19.1069|12.1447|0.0063|8.3263|10.7806|11
RAP|G4|46|1.5778|-4.6889|0.0217|9.5754|-7.9976|1
RAP|OO|216|6.7897|0.6667|0.0093|9.5754|-2.7857|2
RAP|UA|104|6.9804|2.0294|0.0192|9.5754|-2.595|3
RAP|MQ|135|8.7687|4.1353|0.0074|9.5754|-0.8067|4
RAP|9E|24|16.8333|8.5833|0.0|9.5754|7.2579|5
RAP|AA|20|52.8421|53.6842|0.05|9.5754|43.2667|6
RAP|DL|6|65.0|66.0|0.0|9.5754|55.4246|7
RDD|OO|154|11.2092|7.1513|0.0065|11.2092|0.0|1
RDM|MQ|36|-2.6111|-11.0556|0.0|20.6207|-23.2318|1
RDM|AS|48|6.766|13.5532|0.0208|20.6207|-13.8547|2
RDM|OO|366|16.7067|15.419|0.0219|20.6207|-3.914|3
RDM|UA|126|27.1855|19.9597|0.0159|20.6207|6.5648|4
RDM|AA|15|158.9333|167.8571|0.0|20.6207|138.3126|5
RDU|YX|591|3.6621|1.9638|0.0186|11.9634|-8.3013|1
RDU|MQ|148|4.0417|-0.0556|0.027|11.9634|-7.9217|2
RDU|AS|51|5.6078|3.4118|0.0|11.9634|-6.3556|3
RDU|DL|1152|8.5869|0.6247|0.0061|11.9634|-3.3765|4
RDU|WN|832|9.9372|2.8416|0.0048|11.9634|-2.0262|5
RDU|UA|575|10.3047|5.2018|0.007|11.9634|-1.6587|6
RDU|OO|104|12.0971|12.1078|0.0096|11.9634|0.1337|7
RDU|B6|301|12.8133|7.2833|0.0033|11.9634|0.8499|8
RDU|9E|656|12.8678|6.5634|0.0213|11.9634|0.9044|9
RDU|F9|479|14.6433|12.3546|0.0167|11.9634|2.6799|10
RDU|OH|78|17.2208|12.5195|0.0128|11.9634|5.2574|11
RDU|AA|1127|20.5444|15.7462|0.0115|11.9634|8.581|12
RDU|NK|38|30.4865|24.5135|0.0263|11.9634|18.5231|13
RFD|G4|92|47.6444|40.3034|0.0217|47.6444|0.0|1
RHI|OO|71|10.3662|2.0|0.0|10.3662|0.0|1
RIC|MQ|23|-0.3182|-6.8182|0.0435|13.1457|-13.4639|1
RIC|YX|214|2.4717|3.2891|0.0093|13.1457|-10.674|2
RIC|UA|85|3.1412|-2.0723|0.0118|13.1457|-10.0045|3
RIC|WN|190|10.6474|2.8474|0.0|13.1457|-2.4983|4
RIC|OH|41|10.9268|10.2927|0.0|13.1457|-2.2189|5
RIC|9E|210|11.2585|4.5756|0.0238|13.1457|-1.8872|6
RIC|DL|266|12.7736|6.7057|0.0038|13.1457|-0.3721|7
RIC|G4|35|15.6471|6.0588|0.0286|13.1457|2.5014|8
RIC|B6|188|15.7527|8.7796|0.0106|13.1457|2.607|9
RIC|AA|382|18.8606|13.5898|0.0236|13.1457|5.7149|10
RIC|NK|111|20.9364|13.0273|0.009|13.1457|7.7907|11
RIC|OO|75|25.1733|18.6933|0.0|13.1457|12.0276|12
RIW|OO|78|11.5132|10.6447|0.0256|11.5132|0.0|1
RKS|OO|61|5.0667|0.65|0.0164|5.0667|0.0|1
RNO|NK|116|1.6609|-2.7652|0.0086|10.2263|-8.5654|1
RNO|AS|58|3.7759|4.1552|0.0|10.2263|-6.4504|2
RNO|WN|909|8.0596|2.0983|0.0033|10.2263|-2.1667|3
RNO|OO|429|8.9299|7.3785|0.0023|10.2263|-1.2964|4
RNO|UA|211|11.2322|5.7441|0.0|10.2263|1.0059|5
RNO|DL|99|15.9899|6.4949|0.0|10.2263|5.7636|6
RNO|AA|254|19.992|13.8207|0.0118|10.2263|9.7657|7
RNO|MQ|25|20.88|15.8|0.0|10.2263|10.6537|8
RNO|B6|19|30.0526|30.9474|0.0|10.2263|19.8263|9
ROA|9E|94|3.6196|-4.25|0.0213|21.5379|-17.9183|1
ROA|YX|27|12.4231|8.4615|0.037|21.5379|-9.1148|2
ROA|OO|83|16.561|13.8148|0.012|21.5379|-4.9769|3
ROA|DL|36|26.75|19.0278|0.0|21.5379|5.2121|4
ROA|OH|21|66.2857|71.4286|0.0|21.5379|44.7478|5
ROA|G4|20|79.85|75.85|0.0|21.5379|58.3121|6
ROC|MQ|87|1.1149|-2.5977|0.0|12.5879|-11.473|1
ROC|YX|92|3.5761|-5.0659|0.0|12.5879|-9.0118|2
ROC|WN|188|9.1585|2.2692|0.0266|12.5879|-3.4294|3
ROC|DL|113|9.5487|-2.4248|0.0|12.5879|-3.0392|4
ROC|OH|75|9.6351|8.0676|0.0133|12.5879|-2.9528|5
ROC|9E|261|11.2992|2.9803|0.0268|12.5879|-1.2887|6
ROC|G4|7|13.1429|19.2857|0.0|12.5879|0.555|7
ROC|OO|54|15.6296|15.1296|0.0|12.5879|3.0417|8
ROC|NK|34|15.8235|6.5|0.0|12.5879|3.2356|9
ROC|UA|96|16.7935|13.9457|0.0417|12.5879|4.2056|10
ROC|B6|68|24.9403|21.3582|0.0147|12.5879|12.3524|11
ROC|AA|98|31.4796|27.949|0.0|12.5879|18.8917|12
ROW|MQ|17|3.2941|2.2353|0.0|12.6628|-9.3687|1
ROW|OO|70|14.971|11.6377|0.0143|12.6628|2.3082|2
RST|YX|3|-6.0|-1.3333|0.0|11.2302|-17.2302|1
RST|OO|81|9.3951|1.9506|0.0|11.2302|-1.8351|2
RST|9E|19|13.1579|6.2632|0.0|11.2302|1.9277|3
RST|MQ|23|18.3478|16.3043|0.0|11.2302|7.1176|4
RSW|OH|2|-8.0|-27.0|0.5|15.2623|-23.2623|1
RSW|YX|5|-5.4|-8.2|0.0|15.2623|-20.6623|2
RSW|NK|242|11.1625|7.5125|0.0083|15.2623|-4.0998|3
RSW|DL|703|11.3759|6.7784|0.0085|15.2623|-3.8864|4
RSW|WN|775|12.7806|9.0197|0.0181|15.2623|-2.4817|5
RSW|AS|22|13.0|2.2273|0.0|15.2623|-2.2623|6
RSW|UA|564|13.6266|8.5|0.0408|15.2623|-1.6357|7
RSW|F9|227|15.5336|11.6622|0.022|15.2623|0.2713|8
RSW|B6|371|18.1736|13.5627|0.0216|15.2623|2.9113|9
RSW|9E|2|21.0|23.5|0.0|15.2623|5.7377|10
RSW|AA|542|24.9553|22.1439|0.0092|15.2623|9.693|11
RSW|MQ|9|49.5556|48.7778|0.0|15.2623|34.2933|12
SAF|OO|262|15.6293|10.9767|0.0115|15.7815|-0.1522|1
SAF|MQ|11|19.3636|19.6364|0.0|15.7815|3.5821|2
SAN|HA|60|4.8|7.5667|0.0|12.9118|-8.1118|1
SAN|UA|1016|8.2265|2.9315|0.0148|12.9118|-4.6853|2
SAN|AS|1046|8.5405|6.646|0.022|12.9118|-4.3713|3
SAN|OO|1248|10.7753|12.4592|0.012|12.9118|-2.1365|4
SAN|NK|254|10.7992|7.3855|0.0197|12.9118|-2.1126|5
SAN|G4|24|11.8333|17.4583|0.0|12.9118|-1.0785|6
SAN|DL|985|11.9776|6.3006|0.0041|12.9118|-0.9342|7
SAN|WN|3462|13.9147|9.1449|0.0084|12.9118|1.0029|8
SAN|F9|359|18.9432|19.0655|0.0195|12.9118|6.0314|9
SAN|AA|900|20.0034|15.4876|0.0089|12.9118|7.0916|10
SAN|B6|172|23.7558|19.9302|0.0|12.9118|10.844|11
SAT|YX|1|-2.0|-8.0|0.0|11.6826|-13.6826|1
SAT|AS|81|6.4691|2.5375|0.0|11.6826|-5.2135|2
SAT|UA|589|8.2813|2.4099|0.0102|11.6826|-3.4013|3
SAT|WN|1618|8.8565|3.4336|0.0049|11.6826|-2.8261|4
SAT|OO|99|10.1959|7.8247|0.0202|11.6826|-1.4867|5
SAT|DL|616|10.4399|3.5961|0.0016|11.6826|-1.2427|6
SAT|AA|765|15.0715|13.2653|0.0131|11.6826|3.3889|7
SAT|MQ|21|18.8571|15.3333|0.0|11.6826|7.1745|8
SAT|NK|228|19.3867|10.5111|0.0132|11.6826|7.7041|9
SAT|G4|5|23.0|18.6|0.0|11.6826|11.3174|10
SAT|F9|68|32.0294|22.9412|0.0|11.6826|20.3468|11
SAT|B6|63|43.871|35.9516|0.0159|11.6826|32.1884|12
SAV|OO|43|-3.4524|-6.881|0.0233|11.2403|-14.6927|1
SAV|YX|117|7.0598|-1.6207|0.0|11.2403|-4.1805|2
SAV|F9|13|7.1538|10.3846|0.0|11.2403|-4.0865|3
SAV|UA|134|7.6212|2.0916|0.0149|11.2403|-3.6191|4
SAV|OH|344|7.7198|1.5207|0.0145|11.2403|-3.5205|5
SAV|DL|335|8.512|1.7066|0.003|11.2403|-2.7283|6
SAV|WN|268|10.0749|4.1805|0.0037|11.2403|-1.1654|7
SAV|MQ|90|10.3444|4.2111|0.0|11.2403|-0.8959|8
SAV|G4|85|14.4167|13.869|0.0118|11.2403|3.1764|9
SAV|9E|151|19.0608|9.2162|0.0199|11.2403|7.8205|10
SAV|B6|92|21.3478|17.2717|0.0|11.2403|10.1075|11
SAV|AA|176|21.526|14.1618|0.017|11.2403|10.2857|12
SBA|AS|32|-2.2581|-2.0968|0.0312|11.9943|-14.2524|1
SBA|MQ|31|2.9677|-2.0645|0.0|11.9943|-9.0266|2
SBA|OO|159|4.7756|1.6154|0.0189|11.9943|-7.2187|3
SBA|WN|184|7.2747|1.2928|0.0109|11.9943|-4.7196|4
SBA|DL|53|7.283|-1.717|0.0|11.9943|-4.7113|5
SBA|UA|150|23.6107|18.4899|0.0067|11.9943|11.6164|6
SBA|AA|102|24.0098|19.36|0.0|11.9943|12.0155|7
SBN|9E|1|-6.0|-10.0|0.0|12.8854|-18.8854|1
SBN|UA|1|2.0|13.0|0.0|12.8854|-10.8854|2
SBN|G4|96|4.1915|-3.0968|0.0208|12.8854|-8.6939|3
SBN|OH|111|11.2752|7.3486|0.018|12.8854|-1.6102|4
SBN|OO|432|15.0888|8.8803|0.0093|12.8854|2.2034|5
SBN|YX|13|19.0|10.4615|0.0|12.8854|6.1146|6
SBP|MQ|26|-2.8077|-6.1154|0.0|12.0527|-14.8604|1
SBP|AS|6|7.3333|12.8333|0.0|12.0527|-4.7194|2
SBP|OO|365|10.3435|8.8273|0.011|12.0527|-1.7092|3
SBP|UA|36|14.3056|10.0|0.0|12.0527|2.2529|4
SBP|AA|83|23.506|18.5422|0.0|12.0527|11.4533|5
SCC|AS|66|-7.2879|-6.9848|0.0|-7.2879|0.0|1
SCE|OH|1|0.0|17.0|0.0|9.3571|-9.3571|1
SCE|OO|57|9.5273|3.9091|0.0351|9.3571|0.1702|2
SCK|G4|57|35.386|31.4912|0.0|35.386|0.0|1
SDF|YX|636|-0.5741|-4.6367|0.0031|7.8863|-8.4604|1
SDF|9E|19|1.3684|-2.5789|0.0|7.8863|-6.5179|2
SDF|DL|244|2.7449|-3.9506|0.0041|7.8863|-5.1414|3
SDF|OO|214|6.4883|1.5869|0.0047|7.8863|-1.398|4
SDF|MQ|152|7.0596|3.106|0.0066|7.8863|-0.8267|5
SDF|WN|521|8.7403|3.4097|0.0096|7.8863|0.854|6
SDF|UA|97|9.2708|4.7053|0.0103|7.8863|1.3845|7
SDF|NK|92|15.0667|7.8111|0.0217|7.8863|7.1804|8
SDF|AA|272|16.363|15.2111|0.0074|7.8863|8.4767|9
SDF|OH|181|18.9205|15.0852|0.0276|7.8863|11.0342|10
SDF|G4|81|28.9877|23.321|0.0|7.8863|21.1014|11
SEA|MQ|48|4.8125|-6.25|0.0|9.7808|-4.9683|1
SEA|OO|2752|6.6737|4.2673|0.0033|9.7808|-3.1071|2
SEA|DL|3253|6.9506|0.0535|0.0046|9.7808|-2.8302|3
SEA|AS|7944|9.994|6.7192|0.0115|9.7808|0.2132|4
SEA|F9|147|11.7192|6.8014|0.0068|9.7808|1.9384|5
SEA|NK|90|13.0562|6.0787|0.0111|9.7808|3.2754|6
SEA|WN|818|14.1077|6.743|0.0012|9.7808|4.3269|7
SEA|UA|863|15.4731|8.1093|0.0081|9.7808|5.6923|8
SEA|B6|68|19.0746|11.8507|0.0147|9.7808|9.2938|9
SEA|AA|536|20.1046|12.4924|0.0187|9.7808|10.3238|10
SEA|HA|84|24.2857|23.5476|0.0|9.7808|14.5049|11
SFB|G4|952|13.3089|10.9957|0.0105|13.3089|0.0|1
SFO|HA|76|8.1867|5.0933|0.0132|14.3953|-6.2086|1
SFO|B6|417|9.2542|-0.5192|0.0|14.3953|-5.1411|2
SFO|UA|5067|11.94|2.9366|0.0109|14.3953|-2.4553|3
SFO|OO|3169|12.5167|7.6688|0.0117|14.3953|-1.8786|4
SFO|AS|1149|12.6148|8.6348|0.0148|14.3953|-1.7805|5
SFO|DL|1244|13.448|3.9225|0.0024|14.3953|-0.9473|6
SFO|AA|1098|19.9816|12.9315|0.0109|14.3953|5.5863|7
SFO|WN|737|23.1946|17.1483|0.0027|14.3953|8.7993|8
SFO|F9|480|38.7773|36.397|0.0271|14.3953|24.382|9
SFO|MQ|3|43.3333|45.3333|0.0|14.3953|28.938|10
SGF|9E|57|4.7193|0.5088|0.0|16.0919|-11.3726|1
SGF|DL|38|8.2973|-2.7568|0.0263|16.0919|-7.7946|2
SGF|OH|84|9.8171|9.6049|0.0238|16.0919|-6.2748|3
SGF|G4|91|13.6374|11.5824|0.0|16.0919|-2.4545|4
SGF|MQ|416|17.7937|13.2336|0.0096|16.0919|1.7018|5
SGF|OO|261|19.8794|15.1362|0.0153|16.0919|3.7875|6
SGU|OO|323|3.0774|-1.4187|0.0|3.0774|0.0|1
SHR|OO|78|2.4805|2.3247|0.0128|2.4805|0.0|1
SHV|9E|111|6.0541|0.2793|0.0|10.1762|-4.1221|1
SHV|OO|62|7.4516|2.9516|0.0|10.1762|-2.7246|2
SHV|G4|16|8.1875|0.4375|0.0|10.1762|-1.9887|3
SHV|MQ|96|11.9247|6.4731|0.0312|10.1762|1.7485|4
SHV|OH|176|13.0581|9.7778|0.0284|10.1762|2.8819|5
SIT|AS|120|-4.2542|-4.6466|0.0167|14.4697|-18.7239|1
SIT|OO|15|172.2857|165.4286|0.0667|14.4697|157.816|2
SJC|HA|75|-2.8|-9.04|0.0|7.3813|-10.1813|1
SJC|AS|284|2.3777|-1.3453|0.0211|7.3813|-5.0036|2
SJC|MQ|37|3.2703|-2.5278|0.0|7.3813|-4.111|3
SJC|OO|855|3.5848|1.7998|0.0|7.3813|-3.7965|4
SJC|NK|278|7.6985|5.6753|0.0216|7.3813|0.3172|5
SJC|WN|2873|7.7877|1.6658|0.0066|7.3813|0.4064|6
SJC|F9|70|9.0435|7.2319|0.0143|7.3813|1.6622|7
SJC|UA|221|9.5682|1.0091|0.0045|7.3813|2.1869|8
SJC|DL|216|10.2361|1.0463|0.0|7.3813|2.8548|9
SJC|AA|167|15.0182|9.1159|0.012|7.3813|7.6369|10
SJC|B6|21|94.7143|82.0952|0.0|7.3813|87.333|11
SJT|OO|33|-1.7812|-1.375|0.0303|5.8812|-7.6624|1
SJT|MQ|72|9.4348|9.7391|0.0417|5.8812|3.5536|2
SJU|DL|350|6.5903|2.7587|0.0029|17.8128|-11.2225|1
SJU|WN|401|9.5063|6.8769|0.005|17.8128|-8.3065|2
SJU|UA|283|10.3772|7.8741|0.0071|17.8128|-7.4356|3
SJU|AA|386|16.0703|16.4656|0.0052|17.8128|-1.7425|4
SJU|NK|488|16.7792|12.5312|0.0164|17.8128|-1.0336|5
SJU|F9|576|18.6931|17.9611|0.0156|17.8128|0.8803|6
SJU|B6|1001|27.7765|19.5097|0.014|17.8128|9.9637|7
SJU|MQ|2|84.0|93.0|0.0|17.8128|66.1872|8
SLC|MQ|9|1.3333|-14.5556|0.0|9.3735|-8.0402|1
SLC|AS|132|3.4077|0.5154|0.0152|9.3735|-5.9658|2
SLC|OO|3235|3.6777|-0.9411|0.0034|9.3735|-5.6958|3
SLC|HA|23|8.5652|2.6087|0.0|9.3735|-0.8083|4
SLC|DL|5328|10.1146|4.2917|0.0041|9.3735|0.7411|5
SLC|B6|149|12.2027|6.517|0.0067|9.3735|2.8292|6
SLC|WN|1197|12.2797|5.1526|0.0025|9.3735|2.9062|7
SLC|NK|139|14.8043|9.1884|0.0072|9.3735|5.4308|8
SLC|UA|411|15.665|8.6035|0.0195|9.3735|6.2915|9
SLC|AA|381|16.754|10.4403|0.0079|9.3735|7.3805|10
SLC|F9|327|26.094|24.1195|0.0275|9.3735|16.7205|11
SLN|OO|80|11.5125|7.4684|0.0|11.5125|0.0|1
SMF|MQ|23|1.087|-2.8696|0.0|9.6624|-8.5754|1
SMF|F9|85|4.2073|3.2073|0.0353|9.6624|-5.4551|2
SMF|AS|121|5.3077|3.5812|0.0331|9.6624|-4.3547|3
SMF|DL|334|6.0151|-1.3716|0.009|9.6624|-3.6473|4
SMF|OO|825|6.5018|3.2793|0.0024|9.6624|-3.1606|5
SMF|UA|429|9.2565|1.931|0.0186|9.6624|-0.4059|6
SMF|WN|3110|9.5449|3.6347|0.0051|9.6624|-0.1175|7
SMF|HA|102|12.6931|9.75|0.0098|9.6624|3.0307|8
SMF|AA|336|15.8512|9.521|0.0|9.6624|6.1888|9
SMF|NK|194|15.8526|12.8368|0.0206|9.6624|6.1902|10
SMF|B6|39|59.2821|49.2308|0.0|9.6624|49.6197|11
SMX|G4|10|38.8|36.1|0.0|38.8|0.0|1
SNA|NK|107|2.4112|-1.2523|0.0|10.7223|-8.3111|1
SNA|AS|443|3.1259|1.3578|0.0135|10.7223|-7.5964|2
SNA|DL|463|7.2092|-1.5044|0.0086|10.7223|-3.5131|3
SNA|WN|1436|8.2674|0.6355|0.0077|10.7223|-2.4549|4
SNA|F9|126|9.0894|6.0569|0.0238|10.7223|-1.6329|5
SNA|UA|591|12.5348|3.5171|0.0034|10.7223|1.8125|6
SNA|AA|692|15.2277|7.3599|0.0101|10.7223|4.5054|7
SNA|OO|395|17.3325|18.473|0.0101|10.7223|6.6102|8
SNA|G4|113|35.5625|31.625|0.0088|10.7223|24.8402|9
SPI|G4|10|47.2|44.2|0.0|47.2|0.0|1
SPN|UA|39|-2.8718|-5.7949|0.0|-2.8718|0.0|1
SPS|OO|59|20.5517|15.2586|0.0169|22.1212|-1.5695|1
SPS|MQ|8|33.5|25.5|0.0|22.1212|11.3788|2
SRQ|OH|39|0.5641|-3.8718|0.0|16.4265|-15.8624|1
SRQ|WN|408|6.4571|0.4086|0.0294|16.4265|-9.9694|2
SRQ|G4|287|9.9493|6.7355|0.0383|16.4265|-6.4772|3
SRQ|DL|302|13.0743|9.4796|0.0199|16.4265|-3.3522|4
SRQ|UA|157|19.0194|13.5033|0.0191|16.4265|2.5929|5
SRQ|AA|264|23.1406|20.6482|0.0303|16.4265|6.7141|6
SRQ|F9|62|25.8793|22.3276|0.0645|16.4265|9.4528|7
SRQ|YX|30|39.8929|43.5926|0.0667|16.4265|23.4664|8
SRQ|B6|91|49.8523|48.9886|0.033|16.4265|33.4258|9
SRQ|OO|7|170.5714|172.5714|0.0|16.4265|154.1449|10
STC|G4|16|-1.8667|-18.2|0.0625|-1.8667|0.0|1
STL|DL|521|3.2741|-3.4023|0.0058|11.8547|-8.5806|1
STL|YX|216|5.4695|-1.4038|0.0139|11.8547|-6.3852|2
STL|MQ|173|6.1471|3.7882|0.0173|11.8547|-5.7076|3
STL|OO|54|7.2075|3.3774|0.0185|11.8547|-4.6472|4
STL|AS|77|9.4211|5.4079|0.013|11.8547|-2.4336|5
STL|WN|4241|11.3562|4.8092|0.0066|11.8547|-0.4985|6
STL|9E|154|12.277|2.585|0.039|11.8547|0.4223|7
STL|UA|295|13.6969|11.101|0.0271|11.8547|1.8422|8
STL|AA|707|17.227|15.036|0.0156|11.8547|5.3723|9
STL|OH|53|22.4231|20.1731|0.0189|11.8547|10.5684|10
STL|NK|56|29.4815|22.5556|0.0357|11.8547|17.6268|11
STL|F9|106|46.61|37.77|0.0566|11.8547|34.7553|12
STS|OO|306|7.3224|8.7105|0.0065|8.7383|-1.4159|1
STS|AS|39|8.4474|6.6053|0.0256|8.7383|-0.2909|2
STS|MQ|26|13.2692|10.9615|0.0|8.7383|4.5309|3
STS|AA|18|26.7222|28.3889|0.0|8.7383|17.9839|4
STT|UA|87|-0.2759|-6.4651|0.0|12.9554|-13.2313|1
STT|DL|84|7.8313|1.0|0.0119|12.9554|-5.1241|2
STT|AA|189|12.0159|11.2108|0.0|12.9554|-0.9395|3
STT|F9|8|13.5|34.0|0.0|12.9554|0.5446|4
STT|NK|103|17.5922|11.0588|0.0|12.9554|4.6368|5
STT|B6|70|31.6618|29.1912|0.0286|12.9554|18.7064|6
STX|F9|1|-2.0|9.0|0.0|38.4146|-40.4146|1
STX|DL|13|-0.2308|-9.0|0.0|38.4146|-38.6454|2
STX|NK|32|15.6562|13.4062|0.0|38.4146|-22.7584|3
STX|AA|78|54.9221|55.1053|0.0128|38.4146|16.5075|4
SUN|OO|177|11.983|7.9261|0.0056|11.983|0.0|1
SUX|OO|71|17.2817|16.6056|0.0|17.2817|0.0|1
SWF|G4|36|21.7778|10.9444|0.0|21.7778|0.0|1
SWO|MQ|17|-1.9412|-8.4706|0.0|6.7419|-8.6831|1
SWO|OO|46|10.0222|9.0667|0.0217|6.7419|3.2803|2
SYR|UA|98|4.5918|-2.102|0.0|10.5343|-5.9425|1
SYR|9E|199|4.6546|-3.6425|0.0302|10.5343|-5.8797|2
SYR|MQ|95|4.9053|0.0106|0.0|10.5343|-5.629|3
SYR|YX|159|6.1911|-1.3248|0.0126|10.5343|-4.3432|4
SYR|DL|122|7.2333|-2.9|0.0164|10.5343|-3.301|5
SYR|WN|86|11.3023|2.5357|0.0116|10.5343|0.768|6
SYR|OO|113|12.0357|7.9286|0.0088|10.5343|1.5014|7
SYR|B6|150|12.517|7.1429|0.02|10.5343|1.9827|8
SYR|G4|68|14.6029|5.8971|0.0|10.5343|4.0686|9
SYR|AA|182|15.4833|12.0833|0.011|10.5343|4.949|10
SYR|F9|52|19.1875|10.2292|0.0769|10.5343|8.6532|11
SYR|OH|53|34.1346|33.2308|0.0189|10.5343|23.6003|12
TLH|DL|155|1.4771|-4.7566|0.0129|10.0803|-8.6032|1
TLH|B6|29|3.2069|-2.7241|0.0|10.0803|-6.8734|2
TLH|9E|56|6.3393|6.25|0.0|10.0803|-3.741|3
TLH|MQ|298|9.215|7.3038|0.0168|10.0803|-0.8653|4
TLH|OH|99|27.6633|24.7959|0.0101|10.0803|17.583|5
TLH|YX|6|52.6667|53.8333|0.0|10.0803|42.5864|6
TOL|G4|29|-0.5|-6.3214|0.0345|-0.5|0.0|1
TPA|NK|559|9.3087|6.0906|0.0322|14.6373|-5.3286|1
TPA|UA|886|12.0207|7.4273|0.0203|14.6373|-2.6166|2
TPA|MQ|129|12.5078|12.2812|0.0078|14.6373|-2.1295|3
TPA|WN|2354|13.1911|8.316|0.0153|14.6373|-1.4462|4
TPA|F9|629|14.2053|10.141|0.0397|14.6373|-0.432|5
TPA|DL|1320|14.5525|9.3218|0.0114|14.6373|-0.0848|6
TPA|AS|105|16.4792|12.9896|0.0857|14.6373|1.8419|7
TPA|AA|1285|19.0904|15.9415|0.0109|14.6373|4.4531|8
TPA|B6|533|21.0309|16.2665|0.0281|14.6373|6.3936|9
TRI|9E|104|-0.4231|-7.1538|0.0|7.9398|-8.3629|1
TRI|DL|18|1.0|-11.6667|0.0|7.9398|-6.9398|2
TRI|MQ|38|2.0526|-4.2105|0.0|7.9398|-5.8872|3
TRI|OH|24|17.875|5.3333|0.0|7.9398|9.9352|4
TRI|G4|16|33.1875|31.25|0.0|7.9398|25.2477|5
TRI|OO|16|43.9375|33.6875|0.0|7.9398|35.9977|6
TTN|F9|189|9.4809|1.4945|0.0317|9.4809|0.0|1
TUL|9E|23|0.5652|-5.0435|0.0|8.1148|-7.5496|1
TUL|G4|42|2.381|-3.6905|0.0|8.1148|-5.7338|2
TUL|YX|69|3.2687|-0.6567|0.029|8.1148|-4.8461|3
TUL|MQ|203|5.4851|2.3168|0.0049|8.1148|-2.6297|4
TUL|WN|566|5.7021|-1.1083|0.0035|8.1148|-2.4127|5
TUL|DL|150|6.6667|-1.0067|0.0|8.1148|-1.4481|6
TUL|UA|47|7.2979|8.9787|0.0|8.1148|-0.8169|7
TUL|OO|335|10.7808|6.7628|0.006|8.1148|2.666|8
TUL|AA|234|13.9119|10.5286|0.0299|8.1148|5.7971|9
TUL|OH|79|16.7595|13.2308|0.0|8.1148|8.6447|10
TUS|MQ|80|0.3544|-2.7089|0.0125|10.1908|-9.8364|1
TUS|OO|804|5.417|3.6267|0.0037|10.1908|-4.7738|2
TUS|AS|46|5.4783|3.3696|0.0|10.1908|-4.7125|3
TUS|DL|111|7.9908|-0.6972|0.018|10.1908|-2.2|4
TUS|WN|445|12.9099|6.9502|0.0022|10.1908|2.7191|5
TUS|AA|342|16.7824|14.3206|0.0058|10.1908|6.5916|6
TUS|UA|105|25.6635|18.6699|0.0095|10.1908|15.4727|7
TVC|YX|40|4.15|2.75|0.0|15.4057|-11.2557|1
TVC|9E|27|4.1852|-1.963|0.0|15.4057|-11.2205|2
TVC|MQ|69|5.2754|-2.4348|0.0|15.4057|-10.1303|3
TVC|OH|21|15.0|9.2857|0.0|15.4057|-0.4057|4
TVC|OO|105|17.7282|15.5146|0.019|15.4057|2.3225|5
TVC|DL|36|18.4167|10.8333|0.0|15.4057|3.011|6
TVC|UA|46|23.3111|22.2667|0.0217|15.4057|7.9054|7
TVC|G4|38|31.5789|25.1842|0.0|15.4057|16.1732|8
TVC|AA|8|33.25|30.25|0.0|15.4057|17.8443|9
TWF|OO|59|1.7288|-1.7966|0.0|1.7288|0.0|1
TXK|OO|31|14.0|8.2333|0.0323|17.0563|-3.0563|1
TXK|MQ|42|19.2927|16.5122|0.0238|17.0563|2.2364|2
TYR|MQ|18|8.4444|5.0|0.0|12.6604|-4.216|1
TYR|OO|93|13.5227|7.6818|0.0538|12.6604|0.8623|2
TYS|DL|120|1.3445|-8.4706|0.0083|11.4939|-10.1494|1
TYS|F9|35|1.6857|-3.6|0.0|11.4939|-9.8082|2
TYS|9E|296|4.2355|-2.9281|0.0101|11.4939|-7.2584|3
TYS|MQ|118|7.0254|3.6325|0.0|11.4939|-4.4685|4
TYS|UA|27|9.2593|0.4444|0.0|11.4939|-2.2346|5
TYS|OO|152|10.2848|3.2333|0.0066|11.4939|-1.2091|6
TYS|OH|383|13.5462|11.4617|0.0104|11.4939|2.0523|7
TYS|G4|289|17.8252|14.47|0.0104|11.4939|6.3313|8
TYS|YX|86|18.5349|15.6512|0.0|11.4939|7.041|9
TYS|AA|156|19.6364|10.8693|0.0128|11.4939|8.1425|10
USA|G4|79|24.9211|21.6486|0.038|24.9211|0.0|1
VCT|OO|67|15.8154|9.4308|0.0299|15.8154|0.0|1
VEL|OO|3|-6.3333|-19.3333|0.0|-6.3333|0.0|1
VLD|9E|69|14.1304|6.8824|0.0|17.1667|-3.0363|1
VLD|OO|3|87.0|88.0|0.0|17.1667|69.8333|2
VPS|YX|5|-6.4|-18.0|0.0|17.1525|-23.5525|1
VPS|9E|4|-0.3333|-2.6667|0.25|17.1525|-17.4858|2
VPS|MQ|45|6.5349|0.8837|0.0444|17.1525|-10.6176|3
VPS|G4|259|8.2953|3.5516|0.0193|17.1525|-8.8572|4
VPS|WN|180|11.6369|6.0562|0.0111|17.1525|-5.5156|5
VPS|DL|242|13.4008|7.4835|0.0|17.1525|-3.7517|6
VPS|AA|203|33.9557|33.8614|0.0|17.1525|16.8032|7
VPS|OH|75|35.5405|35.0822|0.0133|17.1525|18.388|8
WRG|AS|74|-4.8378|-7.7027|0.0|-4.8378|0.0|1
WYS|OO|30|27.6333|20.0667|0.0|27.6333|0.0|1
XNA|F9|23|0.6522|-1.7826|0.0|12.6953|-12.0431|1
XNA|DL|52|0.6731|-8.2308|0.0|12.6953|-12.0222|2
XNA|9E|205|3.2108|-3.1078|0.0049|12.6953|-9.4845|3
XNA|OH|19|3.5263|0.1579|0.0|12.6953|-9.169|4
XNA|YX|85|10.0732|5.2593|0.0353|12.6953|-2.6221|5
XNA|OO|229|12.1009|8.0529|0.0044|12.6953|-0.5944|6
XNA|UA|22|15.0|13.4091|0.0|12.6953|2.3047|7
XNA|MQ|555|15.0128|13.2058|0.0108|12.6953|2.3175|8
XNA|AA|125|22.9752|21.2727|0.032|12.6953|10.2799|9
XNA|G4|72|23.7361|19.625|0.0|12.6953|11.0408|10
XWA|OO|206|29.478|22.878|0.0049|29.478|0.0|1
YAK|AS|72|-4.5139|-4.831|0.0|-4.5139|0.0|1
YUM|OO|114|4.9204|1.6018|0.0088|6.0573|-1.1369|1
YUM|MQ|44|8.9773|4.8636|0.0|6.0573|2.92|2
